
image=images/avatar/maletanned2/clothes.png

[stance]
frames=1
duration=3
type=back_forth
frame=0,0,2834,0,20,47,9,43
frame=0,1,2834,0,20,47,9,43
frame=0,2,2834,0,20,47,9,43
frame=0,3,3128,0,30,46,15,43
frame=0,4,2854,0,20,47,11,43
frame=0,5,2854,0,20,47,11,43
frame=0,6,2854,0,20,47,11,43
frame=0,7,1324,0,30,47,15,43

[run]
frames=8
duration=3
type=looped
frame=0,0,3472,0,25,46,13,42
frame=0,1,3472,0,25,46,13,42
frame=0,2,3472,0,25,46,13,42
frame=0,3,3158,0,30,46,15,43
frame=0,4,3497,0,25,46,12,42
frame=0,5,3497,0,25,46,12,42
frame=0,6,3497,0,25,46,12,42
frame=0,7,1354,0,30,47,15,43
frame=1,0,3621,0,22,46,11,43
frame=1,1,3621,0,22,46,11,43
frame=1,2,3621,0,22,46,11,43
frame=1,3,1384,0,30,47,15,43
frame=1,4,3643,0,22,46,11,43
frame=1,5,3643,0,22,46,11,43
frame=1,6,3643,0,22,46,11,43
frame=1,7,0,0,30,48,15,43
frame=2,0,3665,0,22,46,9,43
frame=2,1,3665,0,22,46,9,43
frame=2,2,3665,0,22,46,9,43
frame=2,3,1714,0,29,47,15,42
frame=2,4,3687,0,22,46,13,43
frame=2,5,3687,0,22,46,13,43
frame=2,6,3687,0,22,46,13,43
frame=2,7,1743,0,29,47,14,42
frame=3,0,2357,0,24,47,10,43
frame=3,1,2357,0,24,47,10,43
frame=3,2,2357,0,24,47,10,43
frame=3,3,1414,0,30,47,15,43
frame=3,4,2381,0,24,47,14,43
frame=3,5,2381,0,24,47,14,43
frame=3,6,2381,0,24,47,14,43
frame=3,7,30,0,30,48,15,43
frame=4,0,3308,0,28,46,12,42
frame=4,1,3308,0,28,46,12,42
frame=4,2,3308,0,28,46,12,42
frame=4,3,3188,0,30,46,15,43
frame=4,4,3336,0,28,46,16,42
frame=4,5,3336,0,28,46,16,42
frame=4,6,3336,0,28,46,16,42
frame=4,7,1444,0,30,47,15,43
frame=5,0,2501,0,23,47,9,43
frame=5,1,2501,0,23,47,9,43
frame=5,2,2501,0,23,47,9,43
frame=5,3,1474,0,30,47,15,43
frame=5,4,2524,0,23,47,14,43
frame=5,5,2524,0,23,47,14,43
frame=5,6,2524,0,23,47,14,43
frame=5,7,60,0,30,48,15,43
frame=6,0,2662,0,22,47,9,43
frame=6,1,2662,0,22,47,9,43
frame=6,2,2662,0,22,47,9,43
frame=6,3,1772,0,29,47,14,42
frame=6,4,2684,0,22,47,13,43
frame=6,5,2684,0,22,47,13,43
frame=6,6,2684,0,22,47,13,43
frame=6,7,1801,0,29,47,15,42
frame=7,0,2750,0,21,47,9,43
frame=7,1,2750,0,21,47,9,43
frame=7,2,2750,0,21,47,9,43
frame=7,3,1504,0,30,47,15,43
frame=7,4,2771,0,21,47,12,43
frame=7,5,2771,0,21,47,12,43
frame=7,6,2771,0,21,47,12,43
frame=7,7,90,0,30,48,15,43

[ranged]
frames=5
duration=3
type=play_once
frame=0,0,1260,0,32,47,20,43
frame=0,1,1260,0,32,47,20,43
frame=0,2,1260,0,32,47,20,43
frame=0,3,228,0,25,48,12,42
frame=0,4,1292,0,32,47,12,43
frame=0,5,1292,0,32,47,12,43
frame=0,6,1292,0,32,47,12,43
frame=0,7,2593,0,23,47,13,43
frame=1,0,994,0,34,47,20,43
frame=1,1,994,0,34,47,20,43
frame=1,2,994,0,34,47,20,43
frame=1,3,202,0,26,48,12,42
frame=1,4,1028,0,34,47,14,43
frame=1,5,1028,0,34,47,14,43
frame=1,6,1028,0,34,47,14,43
frame=1,7,2616,0,23,47,13,43
frame=2,0,715,0,36,47,19,43
frame=2,1,715,0,36,47,19,43
frame=2,2,715,0,36,47,19,43
frame=2,3,148,0,27,48,12,42
frame=2,4,751,0,36,47,17,43
frame=2,5,751,0,36,47,17,43
frame=2,6,751,0,36,47,17,43
frame=2,7,2453,0,24,47,14,43
frame=3,0,495,0,38,47,19,43
frame=3,1,495,0,38,47,19,43
frame=3,2,495,0,38,47,19,43
frame=3,3,120,0,28,48,12,42
frame=3,4,533,0,38,47,19,43
frame=3,5,533,0,38,47,19,43
frame=3,6,533,0,38,47,19,43
frame=3,7,2477,0,24,47,14,43
frame=4,0,822,0,35,47,19,43
frame=4,1,822,0,35,47,19,43
frame=4,2,822,0,35,47,19,43
frame=4,3,175,0,27,48,12,42
frame=4,4,857,0,35,47,16,43
frame=4,5,857,0,35,47,16,43
frame=4,6,857,0,35,47,16,43
frame=4,7,2639,0,23,47,13,43

[ment]
frames=7
duration=3
type=play_once
frame=0,0,2914,0,20,47,9,43
frame=0,1,2914,0,20,47,9,43
frame=0,2,2914,0,20,47,9,43
frame=0,3,3248,0,30,46,15,42
frame=0,4,2934,0,20,47,11,43
frame=0,5,2934,0,20,47,11,43
frame=0,6,2934,0,20,47,11,43
frame=0,7,1564,0,30,47,15,43
frame=1,0,2547,0,23,47,11,43
frame=1,1,2547,0,23,47,11,43
frame=1,2,2547,0,23,47,11,43
frame=1,3,3364,0,28,46,14,42
frame=1,4,2570,0,23,47,12,43
frame=1,5,2570,0,23,47,12,43
frame=1,6,2570,0,23,47,12,43
frame=1,7,1594,0,30,47,15,43
frame=2,0,2792,0,21,47,10,43
frame=2,1,2792,0,21,47,10,43
frame=2,2,2792,0,21,47,10,43
frame=2,3,3392,0,28,46,14,42
frame=2,4,2813,0,21,47,11,43
frame=2,5,2813,0,21,47,11,43
frame=2,6,2813,0,21,47,11,43
frame=2,7,1830,0,28,47,14,43
frame=3,0,2129,0,26,47,12,43
frame=3,1,2129,0,26,47,12,43
frame=3,2,2129,0,26,47,12,43
frame=3,3,3092,0,36,46,18,42
frame=3,4,2155,0,26,47,14,43
frame=3,5,2155,0,26,47,14,43
frame=3,6,2155,0,26,47,14,43
frame=3,7,679,0,36,47,18,43
frame=4,0,1128,0,33,47,14,43
frame=4,1,1128,0,33,47,14,43
frame=4,2,1128,0,33,47,14,43
frame=4,3,2994,0,50,46,25,42
frame=4,4,1161,0,33,47,19,43
frame=4,5,1161,0,33,47,19,43
frame=4,6,1161,0,33,47,19,43
frame=4,7,319,0,50,47,25,43
frame=5,0,1194,0,33,47,14,43
frame=5,1,1194,0,33,47,14,43
frame=5,2,1194,0,33,47,14,43
frame=5,3,3044,0,48,46,24,42
frame=5,4,1227,0,33,47,19,43
frame=5,5,1227,0,33,47,19,43
frame=5,6,1227,0,33,47,19,43
frame=5,7,369,0,48,47,24,43
frame=6,0,1858,0,28,47,12,43
frame=6,1,1858,0,28,47,12,43
frame=6,2,1858,0,28,47,12,43
frame=6,3,3092,0,36,46,18,42
frame=6,4,1886,0,28,47,16,43
frame=6,5,1886,0,28,47,16,43
frame=6,6,1886,0,28,47,16,43
frame=6,7,960,0,34,47,17,43

[die]
frames=6
duration=3
type=play_once
frame=0,0,1260,0,32,47,20,43
frame=0,1,1260,0,32,47,20,43
frame=0,2,1260,0,32,47,20,43
frame=0,3,228,0,25,48,12,42
frame=0,4,1292,0,32,47,12,43
frame=0,5,1292,0,32,47,12,43
frame=0,6,1292,0,32,47,12,43
frame=0,7,2593,0,23,47,13,43
frame=1,0,994,0,34,47,20,43
frame=1,1,994,0,34,47,20,43
frame=1,2,994,0,34,47,20,43
frame=1,3,202,0,26,48,12,42
frame=1,4,1028,0,34,47,14,43
frame=1,5,1028,0,34,47,14,43
frame=1,6,1028,0,34,47,14,43
frame=1,7,2616,0,23,47,13,43
frame=2,0,715,0,36,47,19,43
frame=2,1,715,0,36,47,19,43
frame=2,2,715,0,36,47,19,43
frame=2,3,148,0,27,48,12,42
frame=2,4,751,0,36,47,17,43
frame=2,5,751,0,36,47,17,43
frame=2,6,751,0,36,47,17,43
frame=2,7,2453,0,24,47,14,43
frame=3,0,495,0,38,47,19,43
frame=3,1,495,0,38,47,19,43
frame=3,2,495,0,38,47,19,43
frame=3,3,120,0,28,48,12,42
frame=3,4,533,0,38,47,19,43
frame=3,5,533,0,38,47,19,43
frame=3,6,533,0,38,47,19,43
frame=3,7,2477,0,24,47,14,43
frame=4,0,822,0,35,47,19,43
frame=4,1,822,0,35,47,19,43
frame=4,2,822,0,35,47,19,43
frame=4,3,175,0,27,48,12,42
frame=4,4,857,0,35,47,16,43
frame=4,5,857,0,35,47,16,43
frame=4,6,857,0,35,47,16,43
frame=4,7,2639,0,23,47,13,43
frame=5,0,2954,0,20,47,9,43
frame=5,1,2954,0,20,47,9,43
frame=5,2,2954,0,20,47,9,43
frame=5,3,3278,0,30,46,15,42
frame=5,4,2974,0,20,47,11,43
frame=5,5,2974,0,20,47,11,43
frame=5,6,2974,0,20,47,11,43
frame=5,7,1624,0,30,47,15,43

[melee]
frames=6
duration=3
type=play_once
frame=0,0,2874,0,20,47,9,43
frame=0,1,2874,0,20,47,9,43
frame=0,2,2874,0,20,47,9,43
frame=0,3,3218,0,30,46,15,42
frame=0,4,2894,0,20,47,11,43
frame=0,5,2894,0,20,47,11,43
frame=0,6,2894,0,20,47,11,43
frame=0,7,1534,0,30,47,15,43
frame=1,0,3757,0,25,45,15,41
frame=1,1,3757,0,25,45,15,41
frame=1,2,3757,0,25,45,15,41
frame=1,3,3420,0,26,46,13,41
frame=1,4,3782,0,25,45,10,41
frame=1,5,3782,0,25,45,10,41
frame=1,6,3782,0,25,45,10,41
frame=1,7,2103,0,26,47,13,43
frame=2,0,2405,0,24,47,12,43
frame=2,1,2405,0,24,47,12,43
frame=2,2,2405,0,24,47,12,43
frame=2,3,3522,0,25,46,12,41
frame=2,4,2429,0,24,47,12,43
frame=2,5,2429,0,24,47,12,43
frame=2,6,2429,0,24,47,12,43
frame=2,7,3731,0,26,45,13,41
frame=3,0,892,0,34,47,21,43
frame=3,1,892,0,34,47,21,43
frame=3,2,892,0,34,47,21,43
frame=3,3,1914,0,27,47,13,42
frame=3,4,926,0,34,47,13,43
frame=3,5,926,0,34,47,13,43
frame=3,6,926,0,34,47,13,43
frame=3,7,3446,0,26,46,12,42
frame=4,0,571,0,36,47,24,43
frame=4,1,571,0,36,47,24,43
frame=4,2,571,0,36,47,24,43
frame=4,3,607,0,36,47,14,42
frame=4,4,643,0,36,47,12,43
frame=4,5,643,0,36,47,12,43
frame=4,6,643,0,36,47,12,43
frame=4,7,787,0,35,47,12,43
frame=5,0,1062,0,33,47,21,43
frame=5,1,1062,0,33,47,21,43
frame=5,2,1062,0,33,47,21,43
frame=5,3,417,0,39,47,14,42
frame=5,4,1095,0,33,47,12,43
frame=5,5,1095,0,33,47,12,43
frame=5,6,1095,0,33,47,12,43
frame=5,7,456,0,39,47,13,43

[thrust]
frames=8
duration=3
type=play_once
frame=0,0,2954,0,20,47,9,43
frame=0,1,2954,0,20,47,9,43
frame=0,2,2954,0,20,47,9,43
frame=0,3,3278,0,30,46,15,42
frame=0,4,2974,0,20,47,11,43
frame=0,5,2974,0,20,47,11,43
frame=0,6,2974,0,20,47,11,43
frame=0,7,1624,0,30,47,15,43
frame=1,0,2207,0,25,47,13,43
frame=1,1,2207,0,25,47,13,43
frame=1,2,2207,0,25,47,13,43
frame=1,3,2181,0,26,47,12,41
frame=1,4,2232,0,25,47,12,43
frame=1,5,2232,0,25,47,12,43
frame=1,6,2232,0,25,47,12,43
frame=1,7,3597,0,24,46,13,43
frame=2,0,1941,0,27,47,13,43
frame=2,1,1941,0,27,47,13,43
frame=2,2,1941,0,27,47,13,43
frame=2,3,253,0,22,48,10,42
frame=2,4,1968,0,27,47,14,43
frame=2,5,1968,0,27,47,14,43
frame=2,6,1968,0,27,47,14,43
frame=2,7,3709,0,22,46,11,43
frame=3,0,2257,0,25,47,10,43
frame=3,1,2257,0,25,47,10,43
frame=3,2,2257,0,25,47,10,43
frame=3,3,275,0,22,48,10,42
frame=3,4,2282,0,25,47,15,43
frame=3,5,2282,0,25,47,15,43
frame=3,6,2282,0,25,47,15,43
frame=3,7,3547,0,25,46,14,43
frame=4,0,1995,0,27,47,17,43
frame=4,1,1995,0,27,47,17,43
frame=4,2,1995,0,27,47,17,43
frame=4,3,2706,0,22,47,9,41
frame=4,4,2022,0,27,47,10,43
frame=4,5,2022,0,27,47,10,43
frame=4,6,2022,0,27,47,10,43
frame=4,7,3807,0,22,45,11,42
frame=5,0,1654,0,30,47,20,43
frame=5,1,1654,0,30,47,20,43
frame=5,2,1654,0,30,47,20,43
frame=5,3,2728,0,22,47,9,41
frame=5,4,1684,0,30,47,10,43
frame=5,5,1684,0,30,47,10,43
frame=5,6,1684,0,30,47,10,43
frame=5,7,3829,0,22,45,11,42
frame=6,0,2049,0,27,47,17,43
frame=6,1,2049,0,27,47,17,43
frame=6,2,2049,0,27,47,17,43
frame=6,3,2706,0,22,47,9,41
frame=6,4,2076,0,27,47,10,43
frame=6,5,2076,0,27,47,10,43
frame=6,6,2076,0,27,47,10,43
frame=6,7,3807,0,22,45,11,42
frame=7,0,2307,0,25,47,10,43
frame=7,1,2307,0,25,47,10,43
frame=7,2,2307,0,25,47,10,43
frame=7,3,297,0,22,48,10,42
frame=7,4,2332,0,25,47,15,43
frame=7,5,2332,0,25,47,15,43
frame=7,6,2332,0,25,47,15,43
frame=7,7,3572,0,25,46,14,43

[hit]
frames=3
duration=1
type=back_forth
frame=0,0,1260,0,32,47,20,43
frame=0,1,1260,0,32,47,20,43
frame=0,2,1260,0,32,47,20,43
frame=0,3,228,0,25,48,12,42
frame=0,4,1292,0,32,47,12,43
frame=0,5,1292,0,32,47,12,43
frame=0,6,1292,0,32,47,12,43
frame=0,7,2593,0,23,47,13,43
frame=1,0,994,0,34,47,20,43
frame=1,1,994,0,34,47,20,43
frame=1,2,994,0,34,47,20,43
frame=1,3,202,0,26,48,12,42
frame=1,4,1028,0,34,47,14,43
frame=1,5,1028,0,34,47,14,43
frame=1,6,1028,0,34,47,14,43
frame=1,7,2616,0,23,47,13,43
frame=2,0,715,0,36,47,19,43
frame=2,1,715,0,36,47,19,43
frame=2,2,715,0,36,47,19,43
frame=2,3,148,0,27,48,12,42
frame=2,4,751,0,36,47,17,43
frame=2,5,751,0,36,47,17,43
frame=2,6,751,0,36,47,17,43
frame=2,7,2453,0,24,47,14,43

[block]
frames=2
duration=3
type=play_once
frame=0,0,1260,0,32,47,20,43
frame=0,1,1260,0,32,47,20,43
frame=0,2,1260,0,32,47,20,43
frame=0,3,228,0,25,48,12,42
frame=0,4,1292,0,32,47,12,43
frame=0,5,1292,0,32,47,12,43
frame=0,6,1292,0,32,47,12,43
frame=0,7,2593,0,23,47,13,43
frame=1,0,994,0,34,47,20,43
frame=1,1,994,0,34,47,20,43
frame=1,2,994,0,34,47,20,43
frame=1,3,202,0,26,48,12,42
frame=1,4,1028,0,34,47,14,43
frame=1,5,1028,0,34,47,14,43
frame=1,6,1028,0,34,47,14,43
frame=1,7,2616,0,23,47,13,43
