
image=images/avatar/maletanned2/salamanderleather.png

[stance]
frames=1
duration=3
type=back_forth
frame=0,0,2784,0,20,47,9,43
frame=0,1,2784,0,20,47,9,43
frame=0,2,2784,0,20,47,9,43
frame=0,3,3078,0,30,46,15,43
frame=0,4,2804,0,20,47,11,43
frame=0,5,2804,0,20,47,11,43
frame=0,6,2804,0,20,47,11,43
frame=0,7,1324,0,30,47,15,43

[run]
frames=8
duration=3
type=looped
frame=0,0,3422,0,25,46,13,42
frame=0,1,3422,0,25,46,13,42
frame=0,2,3422,0,25,46,13,42
frame=0,3,3108,0,30,46,15,43
frame=0,4,3447,0,25,46,12,42
frame=0,5,3447,0,25,46,12,42
frame=0,6,3447,0,25,46,12,42
frame=0,7,1354,0,30,47,15,43
frame=1,0,3571,0,22,46,11,43
frame=1,1,3571,0,22,46,11,43
frame=1,2,3571,0,22,46,11,43
frame=1,3,1384,0,30,47,15,43
frame=1,4,3593,0,22,46,11,43
frame=1,5,3593,0,22,46,11,43
frame=1,6,3593,0,22,46,11,43
frame=1,7,0,0,30,48,15,43
frame=2,0,3615,0,22,46,9,43
frame=2,1,3615,0,22,46,9,43
frame=2,2,3615,0,22,46,9,43
frame=2,3,1714,0,29,47,15,42
frame=2,4,3637,0,22,46,13,43
frame=2,5,3637,0,22,46,13,43
frame=2,6,3637,0,22,46,13,43
frame=2,7,1743,0,29,47,14,42
frame=3,0,2307,0,24,47,10,43
frame=3,1,2307,0,24,47,10,43
frame=3,2,2307,0,24,47,10,43
frame=3,3,1414,0,30,47,15,43
frame=3,4,2331,0,24,47,14,43
frame=3,5,2331,0,24,47,14,43
frame=3,6,2331,0,24,47,14,43
frame=3,7,30,0,30,48,15,43
frame=4,0,3258,0,28,46,12,42
frame=4,1,3258,0,28,46,12,42
frame=4,2,3258,0,28,46,12,42
frame=4,3,3138,0,30,46,15,43
frame=4,4,3286,0,28,46,16,42
frame=4,5,3286,0,28,46,16,42
frame=4,6,3286,0,28,46,16,42
frame=4,7,1444,0,30,47,15,43
frame=5,0,2451,0,23,47,9,43
frame=5,1,2451,0,23,47,9,43
frame=5,2,2451,0,23,47,9,43
frame=5,3,1474,0,30,47,15,43
frame=5,4,2474,0,23,47,14,43
frame=5,5,2474,0,23,47,14,43
frame=5,6,2474,0,23,47,14,43
frame=5,7,60,0,30,48,15,43
frame=6,0,2612,0,22,47,9,43
frame=6,1,2612,0,22,47,9,43
frame=6,2,2612,0,22,47,9,43
frame=6,3,1772,0,29,47,14,42
frame=6,4,2634,0,22,47,13,43
frame=6,5,2634,0,22,47,13,43
frame=6,6,2634,0,22,47,13,43
frame=6,7,1801,0,29,47,15,42
frame=7,0,2700,0,21,47,9,43
frame=7,1,2700,0,21,47,9,43
frame=7,2,2700,0,21,47,9,43
frame=7,3,1504,0,30,47,15,43
frame=7,4,2721,0,21,47,12,43
frame=7,5,2721,0,21,47,12,43
frame=7,6,2721,0,21,47,12,43
frame=7,7,90,0,30,48,15,43

[ranged]
frames=5
duration=3
type=play_once
frame=0,0,1260,0,32,47,20,43
frame=0,1,1260,0,32,47,20,43
frame=0,2,1260,0,32,47,20,43
frame=0,3,228,0,25,48,12,42
frame=0,4,1292,0,32,47,12,43
frame=0,5,1292,0,32,47,12,43
frame=0,6,1292,0,32,47,12,43
frame=0,7,2543,0,23,47,13,43
frame=1,0,994,0,34,47,20,43
frame=1,1,994,0,34,47,20,43
frame=1,2,994,0,34,47,20,43
frame=1,3,202,0,26,48,12,42
frame=1,4,1028,0,34,47,14,43
frame=1,5,1028,0,34,47,14,43
frame=1,6,1028,0,34,47,14,43
frame=1,7,2566,0,23,47,13,43
frame=2,0,715,0,36,47,19,43
frame=2,1,715,0,36,47,19,43
frame=2,2,715,0,36,47,19,43
frame=2,3,148,0,27,48,12,42
frame=2,4,751,0,36,47,17,43
frame=2,5,751,0,36,47,17,43
frame=2,6,751,0,36,47,17,43
frame=2,7,2403,0,24,47,14,43
frame=3,0,495,0,38,47,19,43
frame=3,1,495,0,38,47,19,43
frame=3,2,495,0,38,47,19,43
frame=3,3,120,0,28,48,12,42
frame=3,4,533,0,38,47,19,43
frame=3,5,533,0,38,47,19,43
frame=3,6,533,0,38,47,19,43
frame=3,7,2427,0,24,47,14,43
frame=4,0,822,0,35,47,19,43
frame=4,1,822,0,35,47,19,43
frame=4,2,822,0,35,47,19,43
frame=4,3,175,0,27,48,12,42
frame=4,4,857,0,35,47,16,43
frame=4,5,857,0,35,47,16,43
frame=4,6,857,0,35,47,16,43
frame=4,7,2589,0,23,47,13,43

[ment]
frames=7
duration=3
type=play_once
frame=0,0,2864,0,20,47,9,43
frame=0,1,2864,0,20,47,9,43
frame=0,2,2864,0,20,47,9,43
frame=0,3,3198,0,30,46,15,42
frame=0,4,2884,0,20,47,11,43
frame=0,5,2884,0,20,47,11,43
frame=0,6,2884,0,20,47,11,43
frame=0,7,1564,0,30,47,15,43
frame=1,0,2497,0,23,47,11,43
frame=1,1,2497,0,23,47,11,43
frame=1,2,2497,0,23,47,11,43
frame=1,3,3314,0,28,46,14,42
frame=1,4,2520,0,23,47,12,43
frame=1,5,2520,0,23,47,12,43
frame=1,6,2520,0,23,47,12,43
frame=1,7,1594,0,30,47,15,43
frame=2,0,2742,0,21,47,10,43
frame=2,1,2742,0,21,47,10,43
frame=2,2,2742,0,21,47,10,43
frame=2,3,3342,0,28,46,14,42
frame=2,4,2763,0,21,47,11,43
frame=2,5,2763,0,21,47,11,43
frame=2,6,2763,0,21,47,11,43
frame=2,7,1830,0,28,47,14,43
frame=3,0,2129,0,26,47,12,43
frame=3,1,2129,0,26,47,12,43
frame=3,2,2129,0,26,47,12,43
frame=3,3,3042,0,36,46,18,42
frame=3,4,2155,0,26,47,14,43
frame=3,5,2155,0,26,47,14,43
frame=3,6,2155,0,26,47,14,43
frame=3,7,679,0,36,47,18,43
frame=4,0,1128,0,33,47,14,43
frame=4,1,1128,0,33,47,14,43
frame=4,2,1128,0,33,47,14,43
frame=4,3,2944,0,50,46,25,42
frame=4,4,1161,0,33,47,19,43
frame=4,5,1161,0,33,47,19,43
frame=4,6,1161,0,33,47,19,43
frame=4,7,319,0,50,47,25,43
frame=5,0,1194,0,33,47,14,43
frame=5,1,1194,0,33,47,14,43
frame=5,2,1194,0,33,47,14,43
frame=5,3,2994,0,48,46,24,42
frame=5,4,1227,0,33,47,19,43
frame=5,5,1227,0,33,47,19,43
frame=5,6,1227,0,33,47,19,43
frame=5,7,369,0,48,47,24,43
frame=6,0,1858,0,28,47,12,43
frame=6,1,1858,0,28,47,12,43
frame=6,2,1858,0,28,47,12,43
frame=6,3,3042,0,36,46,18,42
frame=6,4,1886,0,28,47,16,43
frame=6,5,1886,0,28,47,16,43
frame=6,6,1886,0,28,47,16,43
frame=6,7,960,0,34,47,17,43

[die]
frames=6
duration=3
type=play_once
frame=0,0,1260,0,32,47,20,43
frame=0,1,1260,0,32,47,20,43
frame=0,2,1260,0,32,47,20,43
frame=0,3,228,0,25,48,12,42
frame=0,4,1292,0,32,47,12,43
frame=0,5,1292,0,32,47,12,43
frame=0,6,1292,0,32,47,12,43
frame=0,7,2543,0,23,47,13,43
frame=1,0,994,0,34,47,20,43
frame=1,1,994,0,34,47,20,43
frame=1,2,994,0,34,47,20,43
frame=1,3,202,0,26,48,12,42
frame=1,4,1028,0,34,47,14,43
frame=1,5,1028,0,34,47,14,43
frame=1,6,1028,0,34,47,14,43
frame=1,7,2566,0,23,47,13,43
frame=2,0,715,0,36,47,19,43
frame=2,1,715,0,36,47,19,43
frame=2,2,715,0,36,47,19,43
frame=2,3,148,0,27,48,12,42
frame=2,4,751,0,36,47,17,43
frame=2,5,751,0,36,47,17,43
frame=2,6,751,0,36,47,17,43
frame=2,7,2403,0,24,47,14,43
frame=3,0,495,0,38,47,19,43
frame=3,1,495,0,38,47,19,43
frame=3,2,495,0,38,47,19,43
frame=3,3,120,0,28,48,12,42
frame=3,4,533,0,38,47,19,43
frame=3,5,533,0,38,47,19,43
frame=3,6,533,0,38,47,19,43
frame=3,7,2427,0,24,47,14,43
frame=4,0,822,0,35,47,19,43
frame=4,1,822,0,35,47,19,43
frame=4,2,822,0,35,47,19,43
frame=4,3,175,0,27,48,12,42
frame=4,4,857,0,35,47,16,43
frame=4,5,857,0,35,47,16,43
frame=4,6,857,0,35,47,16,43
frame=4,7,2589,0,23,47,13,43
frame=5,0,2904,0,20,47,9,43
frame=5,1,2904,0,20,47,9,43
frame=5,2,2904,0,20,47,9,43
frame=5,3,3228,0,30,46,15,42
frame=5,4,2924,0,20,47,11,43
frame=5,5,2924,0,20,47,11,43
frame=5,6,2924,0,20,47,11,43
frame=5,7,1624,0,30,47,15,43

[melee]
frames=6
duration=3
type=play_once
frame=0,0,2824,0,20,47,9,43
frame=0,1,2824,0,20,47,9,43
frame=0,2,2824,0,20,47,9,43
frame=0,3,3168,0,30,46,15,42
frame=0,4,2844,0,20,47,11,43
frame=0,5,2844,0,20,47,11,43
frame=0,6,2844,0,20,47,11,43
frame=0,7,1534,0,30,47,15,43
frame=1,0,3707,0,25,45,15,41
frame=1,1,3707,0,25,45,15,41
frame=1,2,3707,0,25,45,15,41
frame=1,3,3370,0,26,46,13,41
frame=1,4,3732,0,25,45,10,41
frame=1,5,3732,0,25,45,10,41
frame=1,6,3732,0,25,45,10,41
frame=1,7,2103,0,26,47,13,43
frame=2,0,2355,0,24,47,12,43
frame=2,1,2355,0,24,47,12,43
frame=2,2,2355,0,24,47,12,43
frame=2,3,3472,0,25,46,12,41
frame=2,4,2379,0,24,47,12,43
frame=2,5,2379,0,24,47,12,43
frame=2,6,2379,0,24,47,12,43
frame=2,7,3681,0,26,45,13,41
frame=3,0,892,0,34,47,21,43
frame=3,1,892,0,34,47,21,43
frame=3,2,892,0,34,47,21,43
frame=3,3,1914,0,27,47,13,42
frame=3,4,926,0,34,47,13,43
frame=3,5,926,0,34,47,13,43
frame=3,6,926,0,34,47,13,43
frame=3,7,3396,0,26,46,12,42
frame=4,0,571,0,36,47,24,43
frame=4,1,571,0,36,47,24,43
frame=4,2,571,0,36,47,24,43
frame=4,3,607,0,36,47,14,42
frame=4,4,643,0,36,47,12,43
frame=4,5,643,0,36,47,12,43
frame=4,6,643,0,36,47,12,43
frame=4,7,787,0,35,47,12,43
frame=5,0,1062,0,33,47,21,43
frame=5,1,1062,0,33,47,21,43
frame=5,2,1062,0,33,47,21,43
frame=5,3,417,0,39,47,14,42
frame=5,4,1095,0,33,47,12,43
frame=5,5,1095,0,33,47,12,43
frame=5,6,1095,0,33,47,12,43
frame=5,7,456,0,39,47,13,43

[thrust]
frames=8
duration=3
type=play_once
frame=0,0,2904,0,20,47,9,43
frame=0,1,2904,0,20,47,9,43
frame=0,2,2904,0,20,47,9,43
frame=0,3,3228,0,30,46,15,42
frame=0,4,2924,0,20,47,11,43
frame=0,5,2924,0,20,47,11,43
frame=0,6,2924,0,20,47,11,43
frame=0,7,1624,0,30,47,15,43
frame=1,0,2207,0,25,47,13,43
frame=1,1,2207,0,25,47,13,43
frame=1,2,2207,0,25,47,13,43
frame=1,3,2181,0,26,47,12,41
frame=1,4,2232,0,25,47,12,43
frame=1,5,2232,0,25,47,12,43
frame=1,6,2232,0,25,47,12,43
frame=1,7,3547,0,24,46,13,43
frame=2,0,1941,0,27,47,13,43
frame=2,1,1941,0,27,47,13,43
frame=2,2,1941,0,27,47,13,43
frame=2,3,253,0,22,48,10,42
frame=2,4,1968,0,27,47,14,43
frame=2,5,1968,0,27,47,14,43
frame=2,6,1968,0,27,47,14,43
frame=2,7,3659,0,22,46,11,43
frame=3,0,2257,0,25,47,10,43
frame=3,1,2257,0,25,47,10,43
frame=3,2,2257,0,25,47,10,43
frame=3,3,275,0,22,48,10,42
frame=3,4,2282,0,25,47,15,43
frame=3,5,2282,0,25,47,15,43
frame=3,6,2282,0,25,47,15,43
frame=3,7,3497,0,25,46,14,43
frame=4,0,1995,0,27,47,17,43
frame=4,1,1995,0,27,47,17,43
frame=4,2,1995,0,27,47,17,43
frame=4,3,2656,0,22,47,9,41
frame=4,4,2022,0,27,47,10,43
frame=4,5,2022,0,27,47,10,43
frame=4,6,2022,0,27,47,10,43
frame=4,7,3757,0,22,45,11,42
frame=5,0,1654,0,30,47,20,43
frame=5,1,1654,0,30,47,20,43
frame=5,2,1654,0,30,47,20,43
frame=5,3,2678,0,22,47,9,41
frame=5,4,1684,0,30,47,10,43
frame=5,5,1684,0,30,47,10,43
frame=5,6,1684,0,30,47,10,43
frame=5,7,3779,0,22,45,11,42
frame=6,0,2049,0,27,47,17,43
frame=6,1,2049,0,27,47,17,43
frame=6,2,2049,0,27,47,17,43
frame=6,3,2656,0,22,47,9,41
frame=6,4,2076,0,27,47,10,43
frame=6,5,2076,0,27,47,10,43
frame=6,6,2076,0,27,47,10,43
frame=6,7,3801,0,22,45,11,42
frame=7,0,2257,0,25,47,10,43
frame=7,1,2257,0,25,47,10,43
frame=7,2,2257,0,25,47,10,43
frame=7,3,297,0,22,48,10,42
frame=7,4,2282,0,25,47,15,43
frame=7,5,2282,0,25,47,15,43
frame=7,6,2282,0,25,47,15,43
frame=7,7,3522,0,25,46,14,43

[hit]
frames=3
duration=1
type=back_forth
frame=0,0,1260,0,32,47,20,43
frame=0,1,1260,0,32,47,20,43
frame=0,2,1260,0,32,47,20,43
frame=0,3,228,0,25,48,12,42
frame=0,4,1292,0,32,47,12,43
frame=0,5,1292,0,32,47,12,43
frame=0,6,1292,0,32,47,12,43
frame=0,7,2543,0,23,47,13,43
frame=1,0,994,0,34,47,20,43
frame=1,1,994,0,34,47,20,43
frame=1,2,994,0,34,47,20,43
frame=1,3,202,0,26,48,12,42
frame=1,4,1028,0,34,47,14,43
frame=1,5,1028,0,34,47,14,43
frame=1,6,1028,0,34,47,14,43
frame=1,7,2566,0,23,47,13,43
frame=2,0,715,0,36,47,19,43
frame=2,1,715,0,36,47,19,43
frame=2,2,715,0,36,47,19,43
frame=2,3,148,0,27,48,12,42
frame=2,4,751,0,36,47,17,43
frame=2,5,751,0,36,47,17,43
frame=2,6,751,0,36,47,17,43
frame=2,7,2403,0,24,47,14,43

[block]
frames=2
duration=3
type=play_once
frame=0,0,1260,0,32,47,20,43
frame=0,1,1260,0,32,47,20,43
frame=0,2,1260,0,32,47,20,43
frame=0,3,228,0,25,48,12,42
frame=0,4,1292,0,32,47,12,43
frame=0,5,1292,0,32,47,12,43
frame=0,6,1292,0,32,47,12,43
frame=0,7,2543,0,23,47,13,43
frame=1,0,994,0,34,47,20,43
frame=1,1,994,0,34,47,20,43
frame=1,2,994,0,34,47,20,43
frame=1,3,202,0,26,48,12,42
frame=1,4,1028,0,34,47,14,43
frame=1,5,1028,0,34,47,14,43
frame=1,6,1028,0,34,47,14,43
frame=1,7,2566,0,23,47,13,43
