
image=images/avatar/malelight/yetihide.png

[stance]
frames=1
duration=3
type=back_forth
frame=0,0,2754,0,20,47,9,43
frame=0,1,2754,0,20,47,9,43
frame=0,2,2754,0,20,47,9,43
frame=0,3,3048,0,30,46,15,43
frame=0,4,2774,0,20,47,11,43
frame=0,5,2774,0,20,47,11,43
frame=0,6,2774,0,20,47,11,43
frame=0,7,1324,0,30,47,15,43

[run]
frames=8
duration=3
type=looped
frame=0,0,3392,0,25,46,13,42
frame=0,1,3392,0,25,46,13,42
frame=0,2,3392,0,25,46,13,42
frame=0,3,3078,0,30,46,15,43
frame=0,4,3417,0,25,46,12,42
frame=0,5,3417,0,25,46,12,42
frame=0,6,3417,0,25,46,12,42
frame=0,7,1354,0,30,47,15,43
frame=1,0,3541,0,22,46,11,43
frame=1,1,3541,0,22,46,11,43
frame=1,2,3541,0,22,46,11,43
frame=1,3,1384,0,30,47,15,43
frame=1,4,3563,0,22,46,11,43
frame=1,5,3563,0,22,46,11,43
frame=1,6,3563,0,22,46,11,43
frame=1,7,0,0,30,48,15,43
frame=2,0,3585,0,22,46,9,43
frame=2,1,3585,0,22,46,9,43
frame=2,2,3585,0,22,46,9,43
frame=2,3,1684,0,29,47,15,42
frame=2,4,3607,0,22,46,13,43
frame=2,5,3607,0,22,46,13,43
frame=2,6,3607,0,22,46,13,43
frame=2,7,1713,0,29,47,14,42
frame=3,0,2277,0,24,47,10,43
frame=3,1,2277,0,24,47,10,43
frame=3,2,2277,0,24,47,10,43
frame=3,3,1414,0,30,47,15,43
frame=3,4,2301,0,24,47,14,43
frame=3,5,2301,0,24,47,14,43
frame=3,6,2301,0,24,47,14,43
frame=3,7,30,0,30,48,15,43
frame=4,0,3228,0,28,46,12,42
frame=4,1,3228,0,28,46,12,42
frame=4,2,3228,0,28,46,12,42
frame=4,3,3108,0,30,46,15,43
frame=4,4,3256,0,28,46,16,42
frame=4,5,3256,0,28,46,16,42
frame=4,6,3256,0,28,46,16,42
frame=4,7,1444,0,30,47,15,43
frame=5,0,2421,0,23,47,9,43
frame=5,1,2421,0,23,47,9,43
frame=5,2,2421,0,23,47,9,43
frame=5,3,1474,0,30,47,15,43
frame=5,4,2444,0,23,47,14,43
frame=5,5,2444,0,23,47,14,43
frame=5,6,2444,0,23,47,14,43
frame=5,7,60,0,30,48,15,43
frame=6,0,2582,0,22,47,9,43
frame=6,1,2582,0,22,47,9,43
frame=6,2,2582,0,22,47,9,43
frame=6,3,1742,0,29,47,14,42
frame=6,4,2604,0,22,47,13,43
frame=6,5,2604,0,22,47,13,43
frame=6,6,2604,0,22,47,13,43
frame=6,7,1771,0,29,47,15,42
frame=7,0,2670,0,21,47,9,43
frame=7,1,2670,0,21,47,9,43
frame=7,2,2670,0,21,47,9,43
frame=7,3,1504,0,30,47,15,43
frame=7,4,2691,0,21,47,12,43
frame=7,5,2691,0,21,47,12,43
frame=7,6,2691,0,21,47,12,43
frame=7,7,90,0,30,48,15,43

[ranged]
frames=5
duration=3
type=play_once
frame=0,0,1260,0,32,47,20,43
frame=0,1,1260,0,32,47,20,43
frame=0,2,1260,0,32,47,20,43
frame=0,3,228,0,25,48,12,42
frame=0,4,1292,0,32,47,12,43
frame=0,5,1292,0,32,47,12,43
frame=0,6,1292,0,32,47,12,43
frame=0,7,2513,0,23,47,13,43
frame=1,0,994,0,34,47,20,43
frame=1,1,994,0,34,47,20,43
frame=1,2,994,0,34,47,20,43
frame=1,3,202,0,26,48,12,42
frame=1,4,1028,0,34,47,14,43
frame=1,5,1028,0,34,47,14,43
frame=1,6,1028,0,34,47,14,43
frame=1,7,2536,0,23,47,13,43
frame=2,0,715,0,36,47,19,43
frame=2,1,715,0,36,47,19,43
frame=2,2,715,0,36,47,19,43
frame=2,3,148,0,27,48,12,42
frame=2,4,751,0,36,47,17,43
frame=2,5,751,0,36,47,17,43
frame=2,6,751,0,36,47,17,43
frame=2,7,2373,0,24,47,14,43
frame=3,0,495,0,38,47,19,43
frame=3,1,495,0,38,47,19,43
frame=3,2,495,0,38,47,19,43
frame=3,3,120,0,28,48,12,42
frame=3,4,533,0,38,47,19,43
frame=3,5,533,0,38,47,19,43
frame=3,6,533,0,38,47,19,43
frame=3,7,2397,0,24,47,14,43
frame=4,0,822,0,35,47,19,43
frame=4,1,822,0,35,47,19,43
frame=4,2,822,0,35,47,19,43
frame=4,3,175,0,27,48,12,42
frame=4,4,857,0,35,47,16,43
frame=4,5,857,0,35,47,16,43
frame=4,6,857,0,35,47,16,43
frame=4,7,2559,0,23,47,13,43

[ment]
frames=7
duration=3
type=play_once
frame=0,0,2834,0,20,47,9,43
frame=0,1,2834,0,20,47,9,43
frame=0,2,2834,0,20,47,9,43
frame=0,3,3168,0,30,46,15,42
frame=0,4,2854,0,20,47,11,43
frame=0,5,2854,0,20,47,11,43
frame=0,6,2854,0,20,47,11,43
frame=0,7,1534,0,30,47,15,43
frame=1,0,2467,0,23,47,11,43
frame=1,1,2467,0,23,47,11,43
frame=1,2,2467,0,23,47,11,43
frame=1,3,3284,0,28,46,14,42
frame=1,4,2490,0,23,47,12,43
frame=1,5,2490,0,23,47,12,43
frame=1,6,2490,0,23,47,12,43
frame=1,7,1564,0,30,47,15,43
frame=2,0,2712,0,21,47,10,43
frame=2,1,2712,0,21,47,10,43
frame=2,2,2712,0,21,47,10,43
frame=2,3,3312,0,28,46,14,42
frame=2,4,2733,0,21,47,11,43
frame=2,5,2733,0,21,47,11,43
frame=2,6,2733,0,21,47,11,43
frame=2,7,1800,0,28,47,14,43
frame=3,0,2099,0,26,47,12,43
frame=3,1,2099,0,26,47,12,43
frame=3,2,2099,0,26,47,12,43
frame=3,3,3012,0,36,46,18,42
frame=3,4,2125,0,26,47,14,43
frame=3,5,2125,0,26,47,14,43
frame=3,6,2125,0,26,47,14,43
frame=3,7,679,0,36,47,18,43
frame=4,0,1128,0,33,47,14,43
frame=4,1,1128,0,33,47,14,43
frame=4,2,1128,0,33,47,14,43
frame=4,3,2914,0,50,46,25,42
frame=4,4,1161,0,33,47,19,43
frame=4,5,1161,0,33,47,19,43
frame=4,6,1161,0,33,47,19,43
frame=4,7,319,0,50,47,25,43
frame=5,0,1194,0,33,47,14,43
frame=5,1,1194,0,33,47,14,43
frame=5,2,1194,0,33,47,14,43
frame=5,3,2964,0,48,46,24,42
frame=5,4,1227,0,33,47,19,43
frame=5,5,1227,0,33,47,19,43
frame=5,6,1227,0,33,47,19,43
frame=5,7,369,0,48,47,24,43
frame=6,0,1828,0,28,47,12,43
frame=6,1,1828,0,28,47,12,43
frame=6,2,1828,0,28,47,12,43
frame=6,3,3012,0,36,46,18,42
frame=6,4,1856,0,28,47,16,43
frame=6,5,1856,0,28,47,16,43
frame=6,6,1856,0,28,47,16,43
frame=6,7,960,0,34,47,17,43

[die]
frames=6
duration=3
type=play_once
frame=0,0,1260,0,32,47,20,43
frame=0,1,1260,0,32,47,20,43
frame=0,2,1260,0,32,47,20,43
frame=0,3,228,0,25,48,12,42
frame=0,4,1292,0,32,47,12,43
frame=0,5,1292,0,32,47,12,43
frame=0,6,1292,0,32,47,12,43
frame=0,7,2513,0,23,47,13,43
frame=1,0,994,0,34,47,20,43
frame=1,1,994,0,34,47,20,43
frame=1,2,994,0,34,47,20,43
frame=1,3,202,0,26,48,12,42
frame=1,4,1028,0,34,47,14,43
frame=1,5,1028,0,34,47,14,43
frame=1,6,1028,0,34,47,14,43
frame=1,7,2536,0,23,47,13,43
frame=2,0,715,0,36,47,19,43
frame=2,1,715,0,36,47,19,43
frame=2,2,715,0,36,47,19,43
frame=2,3,148,0,27,48,12,42
frame=2,4,751,0,36,47,17,43
frame=2,5,751,0,36,47,17,43
frame=2,6,751,0,36,47,17,43
frame=2,7,2373,0,24,47,14,43
frame=3,0,495,0,38,47,19,43
frame=3,1,495,0,38,47,19,43
frame=3,2,495,0,38,47,19,43
frame=3,3,120,0,28,48,12,42
frame=3,4,533,0,38,47,19,43
frame=3,5,533,0,38,47,19,43
frame=3,6,533,0,38,47,19,43
frame=3,7,2397,0,24,47,14,43
frame=4,0,822,0,35,47,19,43
frame=4,1,822,0,35,47,19,43
frame=4,2,822,0,35,47,19,43
frame=4,3,175,0,27,48,12,42
frame=4,4,857,0,35,47,16,43
frame=4,5,857,0,35,47,16,43
frame=4,6,857,0,35,47,16,43
frame=4,7,2559,0,23,47,13,43
frame=5,0,2874,0,20,47,9,43
frame=5,1,2874,0,20,47,9,43
frame=5,2,2874,0,20,47,9,43
frame=5,3,3198,0,30,46,15,42
frame=5,4,2894,0,20,47,11,43
frame=5,5,2894,0,20,47,11,43
frame=5,6,2894,0,20,47,11,43
frame=5,7,1594,0,30,47,15,43

[melee]
frames=6
duration=3
type=play_once
frame=0,0,2794,0,20,47,9,43
frame=0,1,2794,0,20,47,9,43
frame=0,2,2794,0,20,47,9,43
frame=0,3,3138,0,30,46,15,42
frame=0,4,2814,0,20,47,11,43
frame=0,5,2814,0,20,47,11,43
frame=0,6,2814,0,20,47,11,43
frame=0,7,1324,0,30,47,15,43
frame=1,0,3677,0,25,45,15,41
frame=1,1,3677,0,25,45,15,41
frame=1,2,3677,0,25,45,15,41
frame=1,3,3340,0,26,46,13,41
frame=1,4,3702,0,25,45,10,41
frame=1,5,3702,0,25,45,10,41
frame=1,6,3702,0,25,45,10,41
frame=1,7,2073,0,26,47,13,43
frame=2,0,2325,0,24,47,12,43
frame=2,1,2325,0,24,47,12,43
frame=2,2,2325,0,24,47,12,43
frame=2,3,3442,0,25,46,12,41
frame=2,4,2349,0,24,47,12,43
frame=2,5,2349,0,24,47,12,43
frame=2,6,2349,0,24,47,12,43
frame=2,7,3651,0,26,45,13,41
frame=3,0,892,0,34,47,21,43
frame=3,1,892,0,34,47,21,43
frame=3,2,892,0,34,47,21,43
frame=3,3,1884,0,27,47,13,42
frame=3,4,926,0,34,47,13,43
frame=3,5,926,0,34,47,13,43
frame=3,6,926,0,34,47,13,43
frame=3,7,3366,0,26,46,12,42
frame=4,0,571,0,36,47,24,43
frame=4,1,571,0,36,47,24,43
frame=4,2,571,0,36,47,24,43
frame=4,3,607,0,36,47,14,42
frame=4,4,643,0,36,47,12,43
frame=4,5,643,0,36,47,12,43
frame=4,6,643,0,36,47,12,43
frame=4,7,787,0,35,47,12,43
frame=5,0,1062,0,33,47,21,43
frame=5,1,1062,0,33,47,21,43
frame=5,2,1062,0,33,47,21,43
frame=5,3,417,0,39,47,14,42
frame=5,4,1095,0,33,47,12,43
frame=5,5,1095,0,33,47,12,43
frame=5,6,1095,0,33,47,12,43
frame=5,7,456,0,39,47,13,43

[thrust]
frames=8
duration=3
type=play_once
frame=0,0,2874,0,20,47,9,43
frame=0,1,2874,0,20,47,9,43
frame=0,2,2874,0,20,47,9,43
frame=0,3,3198,0,30,46,15,42
frame=0,4,2894,0,20,47,11,43
frame=0,5,2894,0,20,47,11,43
frame=0,6,2894,0,20,47,11,43
frame=0,7,1594,0,30,47,15,43
frame=1,0,2177,0,25,47,13,43
frame=1,1,2177,0,25,47,13,43
frame=1,2,2177,0,25,47,13,43
frame=1,3,2151,0,26,47,12,41
frame=1,4,2202,0,25,47,12,43
frame=1,5,2202,0,25,47,12,43
frame=1,6,2202,0,25,47,12,43
frame=1,7,3517,0,24,46,13,43
frame=2,0,1911,0,27,47,13,43
frame=2,1,1911,0,27,47,13,43
frame=2,2,1911,0,27,47,13,43
frame=2,3,253,0,22,48,10,42
frame=2,4,1938,0,27,47,14,43
frame=2,5,1938,0,27,47,14,43
frame=2,6,1938,0,27,47,14,43
frame=2,7,3629,0,22,46,11,43
frame=3,0,2227,0,25,47,10,43
frame=3,1,2227,0,25,47,10,43
frame=3,2,2227,0,25,47,10,43
frame=3,3,275,0,22,48,10,42
frame=3,4,2252,0,25,47,15,43
frame=3,5,2252,0,25,47,15,43
frame=3,6,2252,0,25,47,15,43
frame=3,7,3467,0,25,46,14,43
frame=4,0,1965,0,27,47,17,43
frame=4,1,1965,0,27,47,17,43
frame=4,2,1965,0,27,47,17,43
frame=4,3,2626,0,22,47,9,41
frame=4,4,1992,0,27,47,10,43
frame=4,5,1992,0,27,47,10,43
frame=4,6,1992,0,27,47,10,43
frame=4,7,3727,0,22,45,11,42
frame=5,0,1624,0,30,47,20,43
frame=5,1,1624,0,30,47,20,43
frame=5,2,1624,0,30,47,20,43
frame=5,3,2648,0,22,47,9,41
frame=5,4,1654,0,30,47,10,43
frame=5,5,1654,0,30,47,10,43
frame=5,6,1654,0,30,47,10,43
frame=5,7,3749,0,22,45,11,42
frame=6,0,2019,0,27,47,17,43
frame=6,1,2019,0,27,47,17,43
frame=6,2,2019,0,27,47,17,43
frame=6,3,2626,0,22,47,9,41
frame=6,4,2046,0,27,47,10,43
frame=6,5,2046,0,27,47,10,43
frame=6,6,2046,0,27,47,10,43
frame=6,7,3771,0,22,45,11,42
frame=7,0,2227,0,25,47,10,43
frame=7,1,2227,0,25,47,10,43
frame=7,2,2227,0,25,47,10,43
frame=7,3,297,0,22,48,10,42
frame=7,4,2252,0,25,47,15,43
frame=7,5,2252,0,25,47,15,43
frame=7,6,2252,0,25,47,15,43
frame=7,7,3492,0,25,46,14,43

[hit]
frames=3
duration=1
type=back_forth
frame=0,0,1260,0,32,47,20,43
frame=0,1,1260,0,32,47,20,43
frame=0,2,1260,0,32,47,20,43
frame=0,3,228,0,25,48,12,42
frame=0,4,1292,0,32,47,12,43
frame=0,5,1292,0,32,47,12,43
frame=0,6,1292,0,32,47,12,43
frame=0,7,2513,0,23,47,13,43
frame=1,0,994,0,34,47,20,43
frame=1,1,994,0,34,47,20,43
frame=1,2,994,0,34,47,20,43
frame=1,3,202,0,26,48,12,42
frame=1,4,1028,0,34,47,14,43
frame=1,5,1028,0,34,47,14,43
frame=1,6,1028,0,34,47,14,43
frame=1,7,2536,0,23,47,13,43
frame=2,0,715,0,36,47,19,43
frame=2,1,715,0,36,47,19,43
frame=2,2,715,0,36,47,19,43
frame=2,3,148,0,27,48,12,42
frame=2,4,751,0,36,47,17,43
frame=2,5,751,0,36,47,17,43
frame=2,6,751,0,36,47,17,43
frame=2,7,2373,0,24,47,14,43

[block]
frames=2
duration=3
type=play_once
frame=0,0,1260,0,32,47,20,43
frame=0,1,1260,0,32,47,20,43
frame=0,2,1260,0,32,47,20,43
frame=0,3,228,0,25,48,12,42
frame=0,4,1292,0,32,47,12,43
frame=0,5,1292,0,32,47,12,43
frame=0,6,1292,0,32,47,12,43
frame=0,7,2513,0,23,47,13,43
frame=1,0,994,0,34,47,20,43
frame=1,1,994,0,34,47,20,43
frame=1,2,994,0,34,47,20,43
frame=1,3,202,0,26,48,12,42
frame=1,4,1028,0,34,47,14,43
frame=1,5,1028,0,34,47,14,43
frame=1,6,1028,0,34,47,14,43
frame=1,7,2536,0,23,47,13,43
