
image=images/avatar/hair/male/blueparted.png

[stance]
frames=1
duration=3
type=back_forth
frame=0,0,0,57,22,18,11,46
frame=0,1,0,57,22,18,11,46
frame=0,2,0,57,22,18,11,46
frame=0,3,0,0,22,19,11,44
frame=0,4,0,75,22,18,11,46
frame=0,5,0,75,22,18,11,46
frame=0,6,0,75,22,18,11,46
frame=0,7,0,19,22,19,11,44

[run]
frames=8
duration=3
type=looped
frame=0,0,0,57,22,18,11,45
frame=0,1,0,57,22,18,11,45
frame=0,2,0,57,22,18,11,45
frame=0,3,0,0,22,19,11,44
frame=0,4,0,75,22,18,11,45
frame=0,5,0,75,22,18,11,45
frame=0,6,0,75,22,18,11,45
frame=0,7,0,19,22,19,11,44
frame=1,0,0,57,22,18,11,46
frame=1,1,0,57,22,18,11,46
frame=1,2,0,57,22,18,11,46
frame=1,3,0,0,22,19,11,44
frame=1,4,0,75,22,18,11,46
frame=1,5,0,75,22,18,11,46
frame=1,6,0,75,22,18,11,46
frame=1,7,0,19,22,19,11,44
frame=2,0,0,57,22,18,11,46
frame=2,1,0,57,22,18,11,46
frame=2,2,0,57,22,18,11,46
frame=2,3,0,0,22,19,11,43
frame=2,4,0,75,22,18,11,46
frame=2,5,0,75,22,18,11,46
frame=2,6,0,75,22,18,11,46
frame=2,7,0,19,22,19,11,43
frame=3,0,0,57,22,18,11,46
frame=3,1,0,57,22,18,11,46
frame=3,2,0,57,22,18,11,46
frame=3,3,0,0,22,19,11,44
frame=3,4,0,75,22,18,11,46
frame=3,5,0,75,22,18,11,46
frame=3,6,0,75,22,18,11,46
frame=3,7,0,19,22,19,11,44
frame=4,0,0,57,22,18,11,45
frame=4,1,0,57,22,18,11,45
frame=4,2,0,57,22,18,11,45
frame=4,3,0,0,22,19,11,44
frame=4,4,0,75,22,18,11,46
frame=4,5,0,75,22,18,11,46
frame=4,6,0,75,22,18,11,46
frame=4,7,0,19,22,19,11,44
frame=5,0,0,57,22,18,11,46
frame=5,1,0,57,22,18,11,46
frame=5,2,0,57,22,18,11,46
frame=5,3,0,0,22,19,11,44
frame=5,4,0,75,22,18,11,46
frame=5,5,0,75,22,18,11,46
frame=5,6,0,75,22,18,11,46
frame=5,7,0,19,22,19,11,44
frame=6,0,0,57,22,18,11,46
frame=6,1,0,57,22,18,11,46
frame=6,2,0,57,22,18,11,46
frame=6,3,0,0,22,19,11,43
frame=6,4,0,75,22,18,11,46
frame=6,5,0,75,22,18,11,46
frame=6,6,0,75,22,18,11,46
frame=6,7,0,19,22,19,11,43
frame=7,0,0,57,22,18,11,46
frame=7,1,0,57,22,18,11,46
frame=7,2,0,57,22,18,11,46
frame=7,3,0,0,22,19,11,44
frame=7,4,0,75,22,18,11,46
frame=7,5,0,75,22,18,11,46
frame=7,6,0,75,22,18,11,46
frame=7,7,0,19,22,19,11,44

[shoot]
frames=5
duration=3
type=play_once
frame=0,0,0,147,22,17,10,46
frame=0,1,0,147,22,17,10,46
frame=0,2,0,147,22,17,10,46
frame=0,3,0,0,22,19,12,43
frame=0,4,0,164,22,17,12,46
frame=0,5,0,164,22,17,12,46
frame=0,6,0,164,22,17,12,46
frame=0,7,0,93,22,18,12,44
frame=1,0,0,181,22,17,10,46
frame=1,1,0,181,22,17,10,46
frame=1,2,0,181,22,17,10,46
frame=1,3,0,0,22,19,12,43
frame=1,4,0,198,22,17,12,46
frame=1,5,0,198,22,17,12,46
frame=1,6,0,198,22,17,12,46
frame=1,7,0,111,22,18,12,44
frame=2,0,0,215,22,16,10,46
frame=2,1,0,215,22,16,10,46
frame=2,2,0,215,22,16,10,46
frame=2,3,0,0,22,19,12,43
frame=2,4,0,231,22,16,12,46
frame=2,5,0,231,22,16,12,46
frame=2,6,0,231,22,16,12,46
frame=2,7,0,129,22,18,12,44
frame=3,0,0,57,22,18,10,46
frame=3,1,0,57,22,18,10,46
frame=3,2,0,57,22,18,10,46
frame=3,3,0,0,22,19,12,43
frame=3,4,0,75,22,18,12,46
frame=3,5,0,75,22,18,12,46
frame=3,6,0,75,22,18,12,46
frame=3,7,0,111,22,18,12,44
frame=4,0,0,57,22,18,10,46
frame=4,1,0,57,22,18,10,46
frame=4,2,0,57,22,18,10,46
frame=4,3,0,0,22,19,12,43
frame=4,4,0,75,22,18,12,46
frame=4,5,0,75,22,18,12,46
frame=4,6,0,75,22,18,12,46
frame=4,7,0,19,22,19,12,44

[cast]
frames=7
duration=3
type=play_once
frame=0,0,0,57,22,18,11,46
frame=0,1,0,57,22,18,11,46
frame=0,2,0,57,22,18,11,46
frame=0,3,0,0,22,19,11,43
frame=0,4,0,75,22,18,11,46
frame=0,5,0,75,22,18,11,46
frame=0,6,0,75,22,18,11,46
frame=0,7,0,19,22,19,11,44
frame=1,0,0,57,22,18,11,46
frame=1,1,0,57,22,18,11,46
frame=1,2,0,57,22,18,11,46
frame=1,3,0,0,22,19,11,43
frame=1,4,0,75,22,18,11,46
frame=1,5,0,75,22,18,11,46
frame=1,6,0,75,22,18,11,46
frame=1,7,0,19,22,19,11,44
frame=2,0,0,57,22,18,11,46
frame=2,1,0,57,22,18,11,46
frame=2,2,0,57,22,18,11,46
frame=2,3,0,0,22,19,11,43
frame=2,4,0,75,22,18,11,46
frame=2,5,0,75,22,18,11,46
frame=2,6,0,75,22,18,11,46
frame=2,7,0,19,22,19,11,44
frame=3,0,0,57,22,18,11,46
frame=3,1,0,57,22,18,11,46
frame=3,2,0,57,22,18,11,46
frame=3,3,0,0,22,19,11,43
frame=3,4,0,75,22,18,11,46
frame=3,5,0,75,22,18,11,46
frame=3,6,0,75,22,18,11,46
frame=3,7,0,19,22,19,11,44
frame=4,0,0,57,22,18,11,46
frame=4,1,0,57,22,18,11,46
frame=4,2,0,57,22,18,11,46
frame=4,3,0,0,22,19,11,43
frame=4,4,0,75,22,18,11,46
frame=4,5,0,75,22,18,11,46
frame=4,6,0,75,22,18,11,46
frame=4,7,0,19,22,19,11,44
frame=5,0,0,57,22,18,11,46
frame=5,1,0,57,22,18,11,46
frame=5,2,0,57,22,18,11,46
frame=5,3,0,0,22,19,11,43
frame=5,4,0,75,22,18,11,46
frame=5,5,0,75,22,18,11,46
frame=5,6,0,75,22,18,11,46
frame=5,7,0,19,22,19,11,44
frame=6,0,0,57,22,18,11,46
frame=6,1,0,57,22,18,11,46
frame=6,2,0,57,22,18,11,46
frame=6,3,0,0,22,19,11,43
frame=6,4,0,75,22,18,11,46
frame=6,5,0,75,22,18,11,46
frame=6,6,0,75,22,18,11,46
frame=6,7,0,19,22,19,11,44

[die]
frames=6
duration=3
type=play_once
frame=0,0,0,19,22,19,11,44
frame=0,1,0,19,22,19,11,44
frame=0,2,0,19,22,19,11,44
frame=0,3,0,19,22,19,11,44
frame=0,4,0,19,22,19,11,44
frame=0,5,0,19,22,19,11,44
frame=0,6,0,19,22,19,11,44
frame=0,7,0,19,22,19,11,44
frame=1,0,0,19,22,19,9,43
frame=1,1,0,19,22,19,9,43
frame=1,2,0,19,22,19,9,43
frame=1,3,0,19,22,19,9,43
frame=1,4,0,19,22,19,9,43
frame=1,5,0,19,22,19,9,43
frame=1,6,0,19,22,19,9,43
frame=1,7,0,19,22,19,9,43
frame=2,0,0,19,22,19,9,37
frame=2,1,0,19,22,19,9,37
frame=2,2,0,19,22,19,9,37
frame=2,3,0,19,22,19,9,37
frame=2,4,0,19,22,19,9,37
frame=2,5,0,19,22,19,9,37
frame=2,6,0,19,22,19,9,37
frame=2,7,0,19,22,19,9,37
frame=3,0,0,19,22,19,9,33
frame=3,1,0,19,22,19,9,33
frame=3,2,0,19,22,19,9,33
frame=3,3,0,19,22,19,9,33
frame=3,4,0,19,22,19,9,33
frame=3,5,0,19,22,19,9,33
frame=3,6,0,19,22,19,9,33
frame=3,7,0,19,22,19,9,33
frame=4,0,0,19,22,19,9,27
frame=4,1,0,19,22,19,9,27
frame=4,2,0,19,22,19,9,27
frame=4,3,0,19,22,19,9,27
frame=4,4,0,19,22,19,9,27
frame=4,5,0,19,22,19,9,27
frame=4,6,0,19,22,19,9,27
frame=4,7,0,19,22,19,9,27
frame=5,0,0,38,22,19,8,13
frame=5,1,0,38,22,19,8,13
frame=5,2,0,38,22,19,8,13
frame=5,3,0,38,22,19,8,13
frame=5,4,0,38,22,19,8,13
frame=5,5,0,38,22,19,8,13
frame=5,6,0,38,22,19,8,13
frame=5,7,0,38,22,19,8,13

[swing]
frames=6
duration=3
type=play_once
frame=0,0,0,57,22,18,11,46
frame=0,1,0,57,22,18,11,46
frame=0,2,0,57,22,18,11,46
frame=0,3,0,0,22,19,11,43
frame=0,4,0,75,22,18,11,46
frame=0,5,0,75,22,18,11,46
frame=0,6,0,75,22,18,11,46
frame=0,7,0,19,22,19,11,44
frame=1,0,0,57,22,18,13,44
frame=1,1,0,57,22,18,13,44
frame=1,2,0,57,22,18,13,44
frame=1,3,0,0,22,19,11,42
frame=1,4,0,75,22,18,9,44
frame=1,5,0,75,22,18,9,44
frame=1,6,0,75,22,18,9,44
frame=1,7,0,19,22,19,11,44
frame=2,0,0,57,22,18,13,46
frame=2,1,0,57,22,18,13,46
frame=2,2,0,57,22,18,13,46
frame=2,3,0,0,22,19,12,42
frame=2,4,0,75,22,18,9,46
frame=2,5,0,75,22,18,9,46
frame=2,6,0,75,22,18,9,46
frame=2,7,0,19,22,19,12,42
frame=3,0,0,57,22,18,14,46
frame=3,1,0,57,22,18,14,46
frame=3,2,0,57,22,18,14,46
frame=3,3,0,0,22,19,10,43
frame=3,4,0,75,22,18,8,46
frame=3,5,0,75,22,18,8,46
frame=3,6,0,75,22,18,8,46
frame=3,7,0,19,22,19,9,43
frame=4,0,0,57,22,18,15,46
frame=4,1,0,57,22,18,15,46
frame=4,2,0,57,22,18,15,46
frame=4,3,0,0,22,19,9,43
frame=4,4,0,75,22,18,7,46
frame=4,5,0,75,22,18,7,46
frame=4,6,0,75,22,18,7,46
frame=4,7,0,19,22,19,8,44
frame=5,0,0,57,22,18,15,46
frame=5,1,0,57,22,18,15,46
frame=5,2,0,57,22,18,15,46
frame=5,3,0,0,22,19,9,43
frame=5,4,0,75,22,18,7,46
frame=5,5,0,75,22,18,7,46
frame=5,6,0,75,22,18,7,46
frame=5,7,0,19,22,19,8,44

[hit]
frames=3
duration=1
type=back_forth
frame=0,0,0,57,22,18,11,46
frame=0,1,0,57,22,18,11,46
frame=0,2,0,57,22,18,11,46
frame=0,3,0,0,22,19,11,43
frame=0,4,0,75,22,18,11,46
frame=0,5,0,75,22,18,11,46
frame=0,6,0,75,22,18,11,46
frame=0,7,0,19,22,19,11,44
frame=1,0,0,57,22,18,11,46
frame=1,1,0,57,22,18,11,46
frame=1,2,0,57,22,18,11,46
frame=1,3,0,0,22,19,11,43
frame=1,4,0,75,22,18,11,46
frame=1,5,0,75,22,18,11,46
frame=1,6,0,75,22,18,11,46
frame=1,7,0,19,22,19,11,44
frame=2,0,0,57,22,18,11,46
frame=2,1,0,57,22,18,11,46
frame=2,2,0,57,22,18,11,46
frame=2,3,0,0,22,19,11,43
frame=2,4,0,75,22,18,11,46
frame=2,5,0,75,22,18,11,46
frame=2,6,0,75,22,18,11,46
frame=2,7,0,19,22,19,11,44

[block]
frames=2
duration=3
type=play_once
frame=0,0,0,57,22,18,11,46
frame=0,1,0,57,22,18,11,46
frame=0,2,0,57,22,18,11,46
frame=0,3,0,0,22,19,11,43
frame=0,4,0,75,22,18,11,46
frame=0,5,0,75,22,18,11,46
frame=0,6,0,75,22,18,11,46
frame=0,7,0,19,22,19,11,44
frame=1,0,0,57,22,18,11,46
frame=1,1,0,57,22,18,11,46
frame=1,2,0,57,22,18,11,46
frame=1,3,0,0,22,19,11,43
frame=1,4,0,75,22,18,11,46
frame=1,5,0,75,22,18,11,46
frame=1,6,0,75,22,18,11,46
frame=1,7,0,19,22,19,11,44
