
image=images/avatar/hats/male/leatherhat.png

[stance]
frames=1
duration=3
type=back_forth
frame=0,0,0,0,36,19,14,47
frame=0,1,0,0,36,19,14,47
frame=0,2,0,0,36,19,14,47
frame=0,3,36,26,21,25,10,47
frame=0,4,0,19,36,19,22,47
frame=0,5,0,19,36,19,22,47
frame=0,6,0,19,36,19,22,47
frame=0,7,0,76,27,22,14,52

[run]
frames=8
duration=3
type=looped
frame=0,0,0,38,36,19,14,46
frame=0,1,0,38,36,19,14,46
frame=0,2,0,38,36,19,14,46
frame=0,3,36,26,21,25,10,47
frame=0,4,0,57,36,19,22,46
frame=0,5,0,57,36,19,22,46
frame=0,6,0,57,36,19,22,46
frame=0,7,0,76,27,22,14,52
frame=1,0,0,0,36,19,14,47
frame=1,1,0,0,36,19,14,47
frame=1,2,0,0,36,19,14,47
frame=1,3,36,26,21,25,10,47
frame=1,4,0,19,36,19,22,47
frame=1,5,0,19,36,19,22,47
frame=1,6,0,19,36,19,22,47
frame=1,7,0,76,27,22,14,52
frame=2,0,0,0,36,19,14,47
frame=2,1,0,0,36,19,14,47
frame=2,2,0,0,36,19,14,47
frame=2,3,36,26,21,25,10,46
frame=2,4,0,19,36,19,22,47
frame=2,5,0,19,36,19,22,47
frame=2,6,0,19,36,19,22,47
frame=2,7,0,76,27,22,14,51
frame=3,0,0,0,36,19,14,47
frame=3,1,0,0,36,19,14,47
frame=3,2,0,0,36,19,14,47
frame=3,3,36,26,21,25,10,47
frame=3,4,0,19,36,19,22,47
frame=3,5,0,19,36,19,22,47
frame=3,6,0,19,36,19,22,47
frame=3,7,0,76,27,22,14,52
frame=4,0,0,0,36,19,14,46
frame=4,1,0,0,36,19,14,46
frame=4,2,0,0,36,19,14,46
frame=4,3,36,26,21,25,10,47
frame=4,4,0,19,36,19,22,46
frame=4,5,0,19,36,19,22,46
frame=4,6,0,19,36,19,22,46
frame=4,7,0,76,27,22,14,52
frame=5,0,0,0,36,19,14,47
frame=5,1,0,0,36,19,14,47
frame=5,2,0,0,36,19,14,47
frame=5,3,36,26,21,25,10,47
frame=5,4,0,19,36,19,22,47
frame=5,5,0,19,36,19,22,47
frame=5,6,0,19,36,19,22,47
frame=5,7,0,76,27,22,14,52
frame=6,0,0,0,36,19,14,47
frame=6,1,0,0,36,19,14,47
frame=6,2,0,0,36,19,14,47
frame=6,3,36,26,21,25,10,46
frame=6,4,0,19,36,19,22,47
frame=6,5,0,19,36,19,22,47
frame=6,6,0,19,36,19,22,47
frame=6,7,0,76,27,22,14,51
frame=7,0,0,0,36,19,14,47
frame=7,1,0,0,36,19,14,47
frame=7,2,0,0,36,19,14,47
frame=7,3,36,26,21,25,10,47
frame=7,4,0,19,36,19,22,47
frame=7,5,0,19,36,19,22,47
frame=7,6,0,19,36,19,22,47
frame=7,7,0,76,27,22,14,52

[ranged]
frames=5
duration=3
type=play_once
frame=0,0,0,0,36,19,13,47
frame=0,1,0,0,36,19,13,47
frame=0,2,0,0,36,19,13,47
frame=0,3,36,0,22,26,12,45
frame=0,4,0,19,36,19,23,47
frame=0,5,0,19,36,19,23,47
frame=0,6,0,19,36,19,23,47
frame=0,7,0,76,27,22,15,52
frame=1,0,0,0,36,19,13,47
frame=1,1,0,0,36,19,13,47
frame=1,2,0,0,36,19,13,47
frame=1,3,36,0,22,26,12,45
frame=1,4,0,19,36,19,23,47
frame=1,5,0,19,36,19,23,47
frame=1,6,0,19,36,19,23,47
frame=1,7,0,76,27,22,15,52
frame=2,0,0,0,36,19,13,47
frame=2,1,0,0,36,19,13,47
frame=2,2,0,0,36,19,13,47
frame=2,3,36,0,22,26,12,45
frame=2,4,0,19,36,19,23,47
frame=2,5,0,19,36,19,23,47
frame=2,6,0,19,36,19,23,47
frame=2,7,0,76,27,22,15,52
frame=3,0,0,0,36,19,13,47
frame=3,1,0,0,36,19,13,47
frame=3,2,0,0,36,19,13,47
frame=3,3,36,0,22,26,12,45
frame=3,4,0,19,36,19,23,47
frame=3,5,0,19,36,19,23,47
frame=3,6,0,19,36,19,23,47
frame=3,7,0,76,27,22,15,52
frame=4,0,0,0,36,19,13,47
frame=4,1,0,0,36,19,13,47
frame=4,2,0,0,36,19,13,47
frame=4,3,36,0,22,26,12,45
frame=4,4,0,19,36,19,23,47
frame=4,5,0,19,36,19,23,47
frame=4,6,0,19,36,19,23,47
frame=4,7,0,76,27,22,15,52

[ment]
frames=7
duration=3
type=play_once
frame=0,0,0,0,36,19,14,47
frame=0,1,0,0,36,19,14,47
frame=0,2,0,0,36,19,14,47
frame=0,3,36,26,21,25,10,46
frame=0,4,0,19,36,19,22,47
frame=0,5,0,19,36,19,22,47
frame=0,6,0,19,36,19,22,47
frame=0,7,0,76,27,22,14,52
frame=1,0,0,0,36,19,14,47
frame=1,1,0,0,36,19,14,47
frame=1,2,0,0,36,19,14,47
frame=1,3,36,26,21,25,10,46
frame=1,4,0,19,36,19,22,47
frame=1,5,0,19,36,19,22,47
frame=1,6,0,19,36,19,22,47
frame=1,7,0,76,27,22,14,52
frame=2,0,0,0,36,19,14,47
frame=2,1,0,0,36,19,14,47
frame=2,2,0,0,36,19,14,47
frame=2,3,36,26,21,25,10,46
frame=2,4,0,19,36,19,22,47
frame=2,5,0,19,36,19,22,47
frame=2,6,0,19,36,19,22,47
frame=2,7,0,76,27,22,14,52
frame=3,0,0,0,36,19,14,47
frame=3,1,0,0,36,19,14,47
frame=3,2,0,0,36,19,14,47
frame=3,3,36,26,21,25,10,46
frame=3,4,0,19,36,19,22,47
frame=3,5,0,19,36,19,22,47
frame=3,6,0,19,36,19,22,47
frame=3,7,0,76,27,22,14,52
frame=4,0,0,0,36,19,14,47
frame=4,1,0,0,36,19,14,47
frame=4,2,0,0,36,19,14,47
frame=4,3,36,26,21,25,10,46
frame=4,4,0,19,36,19,22,47
frame=4,5,0,19,36,19,22,47
frame=4,6,0,19,36,19,22,47
frame=4,7,0,76,27,22,14,52
frame=5,0,0,0,36,19,14,47
frame=5,1,0,0,36,19,14,47
frame=5,2,0,0,36,19,14,47
frame=5,3,36,26,21,25,10,46
frame=5,4,0,19,36,19,22,47
frame=5,5,0,19,36,19,22,47
frame=5,6,0,19,36,19,22,47
frame=5,7,0,76,27,22,14,52
frame=6,0,0,0,36,19,14,47
frame=6,1,0,0,36,19,14,47
frame=6,2,0,0,36,19,14,47
frame=6,3,36,26,21,25,10,46
frame=6,4,0,19,36,19,22,47
frame=6,5,0,19,36,19,22,47
frame=6,6,0,19,36,19,22,47
frame=6,7,0,76,27,22,14,52

[die]
frames=6
duration=3
type=play_once
frame=0,0,0,76,27,22,14,52
frame=0,1,0,76,27,22,14,52
frame=0,2,0,76,27,22,14,52
frame=0,3,0,76,27,22,14,52
frame=0,4,0,76,27,22,14,52
frame=0,5,0,76,27,22,14,52
frame=0,6,0,76,27,22,14,52
frame=0,7,0,76,27,22,14,52
frame=1,0,0,76,27,22,12,50
frame=1,1,0,76,27,22,12,50
frame=1,2,0,76,27,22,12,50
frame=1,3,0,76,27,22,12,50
frame=1,4,0,76,27,22,12,50
frame=1,5,0,76,27,22,12,50
frame=1,6,0,76,27,22,12,50
frame=1,7,0,76,27,22,12,50
frame=2,0,0,76,27,22,12,41
frame=2,1,0,76,27,22,12,41
frame=2,2,0,76,27,22,12,41
frame=2,3,0,76,27,22,12,41
frame=2,4,0,76,27,22,12,41
frame=2,5,0,76,27,22,12,41
frame=2,6,0,76,27,22,12,41
frame=2,7,0,76,27,22,12,41
frame=3,0,0,76,27,22,12,37
frame=3,1,0,76,27,22,12,37
frame=3,2,0,76,27,22,12,37
frame=3,3,0,76,27,22,12,37
frame=3,4,0,76,27,22,12,37
frame=3,5,0,76,27,22,12,37
frame=3,6,0,76,27,22,12,37
frame=3,7,0,76,27,22,12,37
frame=4,0,0,76,27,22,11,30
frame=4,1,0,76,27,22,11,30
frame=4,2,0,76,27,22,11,30
frame=4,3,0,76,27,22,11,30
frame=4,4,0,76,27,22,11,30
frame=4,5,0,76,27,22,11,30
frame=4,6,0,76,27,22,11,30
frame=4,7,0,76,27,22,11,30
frame=5,0,36,51,21,22,8,16
frame=5,1,36,51,21,22,8,16
frame=5,2,36,51,21,22,8,16
frame=5,3,36,51,21,22,8,16
frame=5,4,36,51,21,22,8,16
frame=5,5,36,51,21,22,8,16
frame=5,6,36,51,21,22,8,16
frame=5,7,36,51,21,22,8,16

[melee]
frames=6
duration=3
type=play_once
frame=0,0,0,0,36,19,14,47
frame=0,1,0,0,36,19,14,47
frame=0,2,0,0,36,19,14,47
frame=0,3,36,26,21,25,10,46
frame=0,4,0,19,36,19,22,47
frame=0,5,0,19,36,19,22,47
frame=0,6,0,19,36,19,22,47
frame=0,7,0,76,27,22,14,52
frame=1,0,0,0,36,19,16,45
frame=1,1,0,0,36,19,16,45
frame=1,2,0,0,36,19,16,45
frame=1,3,36,26,21,25,10,45
frame=1,4,0,19,36,19,20,45
frame=1,5,0,19,36,19,20,45
frame=1,6,0,19,36,19,20,45
frame=1,7,0,76,27,22,14,52
frame=2,0,0,0,36,19,16,47
frame=2,1,0,0,36,19,16,47
frame=2,2,0,0,36,19,16,47
frame=2,3,36,26,21,25,11,45
frame=2,4,0,19,36,19,20,47
frame=2,5,0,19,36,19,20,47
frame=2,6,0,19,36,19,20,47
frame=2,7,0,76,27,22,15,50
frame=3,0,0,0,36,19,17,47
frame=3,1,0,0,36,19,17,47
frame=3,2,0,0,36,19,17,47
frame=3,3,36,26,21,25,9,46
frame=3,4,0,19,36,19,19,47
frame=3,5,0,19,36,19,19,47
frame=3,6,0,19,36,19,19,47
frame=3,7,0,76,27,22,12,51
frame=4,0,0,0,36,19,18,47
frame=4,1,0,0,36,19,18,47
frame=4,2,0,0,36,19,18,47
frame=4,3,36,26,21,25,8,46
frame=4,4,0,19,36,19,18,47
frame=4,5,0,19,36,19,18,47
frame=4,6,0,19,36,19,18,47
frame=4,7,0,76,27,22,11,52
frame=5,0,0,0,36,19,18,47
frame=5,1,0,0,36,19,18,47
frame=5,2,0,0,36,19,18,47
frame=5,3,36,26,21,25,8,46
frame=5,4,0,19,36,19,18,47
frame=5,5,0,19,36,19,18,47
frame=5,6,0,19,36,19,18,47
frame=5,7,0,76,27,22,11,52

[hit]
frames=3
duration=1
type=back_forth
frame=0,0,0,0,36,19,14,47
frame=0,1,0,0,36,19,14,47
frame=0,2,0,0,36,19,14,47
frame=0,3,36,26,21,25,10,46
frame=0,4,0,19,36,19,22,47
frame=0,5,0,19,36,19,22,47
frame=0,6,0,19,36,19,22,47
frame=0,7,0,76,27,22,14,52
frame=1,0,0,0,36,19,14,47
frame=1,1,0,0,36,19,14,47
frame=1,2,0,0,36,19,14,47
frame=1,3,36,26,21,25,10,46
frame=1,4,0,19,36,19,22,47
frame=1,5,0,19,36,19,22,47
frame=1,6,0,19,36,19,22,47
frame=1,7,0,76,27,22,14,52
frame=2,0,0,0,36,19,14,47
frame=2,1,0,0,36,19,14,47
frame=2,2,0,0,36,19,14,47
frame=2,3,36,26,21,25,10,46
frame=2,4,0,19,36,19,22,47
frame=2,5,0,19,36,19,22,47
frame=2,6,0,19,36,19,22,47
frame=2,7,0,76,27,22,14,52

[block]
frames=2
duration=3
type=play_once
frame=0,0,0,0,36,19,14,47
frame=0,1,0,0,36,19,14,47
frame=0,2,0,0,36,19,14,47
frame=0,3,36,26,21,25,10,46
frame=0,4,0,19,36,19,22,47
frame=0,5,0,19,36,19,22,47
frame=0,6,0,19,36,19,22,47
frame=0,7,0,76,27,22,14,52
frame=1,0,0,0,36,19,14,47
frame=1,1,0,0,36,19,14,47
frame=1,2,0,0,36,19,14,47
frame=1,3,36,26,21,25,10,46
frame=1,4,0,19,36,19,22,47
frame=1,5,0,19,36,19,22,47
frame=1,6,0,19,36,19,22,47
frame=1,7,0,76,27,22,14,52
