
image=images/avatar/femaleorc/holyplate.png

[stance]
frames=1
duration=3
type=back_forth
frame=0,0,2101,0,24,48,12,43
frame=0,1,2101,0,24,48,12,43
frame=0,2,2101,0,24,48,12,43
frame=0,3,3316,0,28,46,14,42
frame=0,4,2125,0,24,48,12,43
frame=0,5,2125,0,24,48,12,43
frame=0,6,2125,0,24,48,12,43
frame=0,7,210,0,28,49,14,43

[run]
frames=8
duration=3
type=looped
frame=0,0,3672,0,25,46,13,42
frame=0,1,3672,0,25,46,13,42
frame=0,2,3672,0,25,46,13,42
frame=0,3,3344,0,28,46,14,42
frame=0,4,3697,0,25,46,12,42
frame=0,5,3697,0,25,46,12,42
frame=0,6,3697,0,25,46,12,42
frame=0,7,238,0,28,49,14,43
frame=1,0,3840,0,22,45,10,42
frame=1,1,3840,0,22,45,10,42
frame=1,2,3840,0,22,45,10,42
frame=1,3,2601,0,28,47,14,41
frame=1,4,3862,0,22,45,12,42
frame=1,5,3862,0,22,45,12,42
frame=1,6,3862,0,22,45,12,42
frame=1,7,434,0,27,49,13,43
frame=2,0,3770,0,21,46,9,43
frame=2,1,3770,0,21,46,9,43
frame=2,2,3770,0,21,46,9,43
frame=2,3,1581,0,28,48,14,42
frame=2,4,3791,0,21,46,12,43
frame=2,5,3791,0,21,46,12,43
frame=2,6,3791,0,21,46,12,43
frame=2,7,2768,0,26,47,13,42
frame=3,0,2976,0,25,47,11,43
frame=3,1,2976,0,25,47,11,43
frame=3,2,2976,0,25,47,11,43
frame=3,3,2629,0,28,47,14,42
frame=3,4,3001,0,25,47,14,43
frame=3,5,3001,0,25,47,14,43
frame=3,6,3001,0,25,47,14,43
frame=3,7,266,0,28,49,14,43
frame=4,0,3540,0,27,46,12,42
frame=4,1,3540,0,27,46,12,42
frame=4,2,3540,0,27,46,12,42
frame=4,3,3372,0,28,46,14,42
frame=4,4,3567,0,27,46,15,42
frame=4,5,3567,0,27,46,15,42
frame=4,6,3567,0,27,46,15,42
frame=4,7,294,0,28,49,14,43
frame=5,0,3722,0,24,46,10,42
frame=5,1,3722,0,24,46,10,42
frame=5,2,3722,0,24,46,10,42
frame=5,3,2657,0,28,47,14,41
frame=5,4,3746,0,24,46,14,42
frame=5,5,3746,0,24,46,14,42
frame=5,6,3746,0,24,46,14,42
frame=5,7,461,0,27,49,14,43
frame=6,0,3076,0,21,47,9,43
frame=6,1,3076,0,21,47,9,43
frame=6,2,3076,0,21,47,9,43
frame=6,3,1609,0,28,48,14,42
frame=6,4,3097,0,21,47,12,43
frame=6,5,3097,0,21,47,12,43
frame=6,6,3097,0,21,47,12,43
frame=6,7,2794,0,26,47,13,42
frame=7,0,3118,0,21,47,9,43
frame=7,1,3118,0,21,47,9,43
frame=7,2,3118,0,21,47,9,43
frame=7,3,2685,0,28,47,14,42
frame=7,4,3139,0,21,47,12,43
frame=7,5,3139,0,21,47,12,43
frame=7,6,3139,0,21,47,12,43
frame=7,7,322,0,28,49,14,43

[ranged]
frames=5
duration=3
type=play_once
frame=0,0,1259,0,33,48,21,42
frame=0,1,1259,0,33,48,21,42
frame=0,2,1259,0,33,48,21,42
frame=0,3,2741,0,27,47,14,41
frame=0,4,1292,0,33,48,13,42
frame=0,5,1292,0,33,48,13,42
frame=0,6,1292,0,33,48,13,42
frame=0,7,595,0,26,49,14,43
frame=1,0,1125,0,34,48,21,42
frame=1,1,1125,0,34,48,21,42
frame=1,2,1125,0,34,48,21,42
frame=1,3,2713,0,28,47,14,41
frame=1,4,1159,0,34,48,14,42
frame=1,5,1159,0,34,48,14,42
frame=1,6,1159,0,34,48,14,42
frame=1,7,621,0,26,49,14,43
frame=2,0,983,0,36,48,20,42
frame=2,1,983,0,36,48,20,42
frame=2,2,983,0,36,48,20,42
frame=2,3,2543,0,29,47,14,41
frame=2,4,1019,0,36,48,17,42
frame=2,5,1019,0,36,48,17,42
frame=2,6,1019,0,36,48,17,42
frame=2,7,647,0,26,49,14,43
frame=3,0,907,0,38,48,20,42
frame=3,1,907,0,38,48,20,42
frame=3,2,907,0,38,48,20,42
frame=3,3,2513,0,30,47,14,41
frame=3,4,945,0,38,48,19,42
frame=3,5,945,0,38,48,19,42
frame=3,6,945,0,38,48,19,42
frame=3,7,673,0,26,49,14,43
frame=4,0,1055,0,35,48,20,42
frame=4,1,1055,0,35,48,20,42
frame=4,2,1055,0,35,48,20,42
frame=4,3,2572,0,29,47,14,41
frame=4,4,1090,0,35,48,16,42
frame=4,5,1090,0,35,48,16,42
frame=4,6,1090,0,35,48,16,42
frame=4,7,699,0,26,49,14,43

[ment]
frames=7
duration=3
type=play_once
frame=0,0,2195,0,23,48,11,43
frame=0,1,2195,0,23,48,11,43
frame=0,2,2195,0,23,48,11,43
frame=0,3,3428,0,28,46,14,42
frame=0,4,2218,0,23,48,12,43
frame=0,5,2218,0,23,48,12,43
frame=0,6,2218,0,23,48,12,43
frame=0,7,350,0,28,49,14,43
frame=1,0,2241,0,23,48,11,43
frame=1,1,2241,0,23,48,11,43
frame=1,2,2241,0,23,48,11,43
frame=1,3,3456,0,28,46,14,42
frame=1,4,2264,0,23,48,12,43
frame=1,5,2264,0,23,48,12,43
frame=1,6,2264,0,23,48,12,43
frame=1,7,378,0,28,49,14,43
frame=2,0,2287,0,23,48,11,43
frame=2,1,2287,0,23,48,11,43
frame=2,2,2287,0,23,48,11,43
frame=2,3,3484,0,28,46,14,42
frame=2,4,2310,0,23,48,12,43
frame=2,5,2310,0,23,48,12,43
frame=2,6,2310,0,23,48,12,43
frame=2,7,569,0,26,49,13,43
frame=3,0,1951,0,25,48,12,43
frame=3,1,1951,0,25,48,12,43
frame=3,2,1951,0,25,48,12,43
frame=3,3,3248,0,34,46,17,42
frame=3,4,1976,0,25,48,13,43
frame=3,5,1976,0,25,48,13,43
frame=3,6,1976,0,25,48,13,43
frame=3,7,88,0,32,49,16,43
frame=4,0,1453,0,32,48,14,43
frame=4,1,1453,0,32,48,14,43
frame=4,2,1453,0,32,48,14,43
frame=4,3,3160,0,44,46,22,42
frame=4,4,1485,0,32,48,18,43
frame=4,5,1485,0,32,48,18,43
frame=4,6,1485,0,32,48,18,43
frame=4,7,0,0,44,49,22,43
frame=5,0,1517,0,32,48,14,43
frame=5,1,1517,0,32,48,14,43
frame=5,2,1517,0,32,48,14,43
frame=5,3,3204,0,44,46,22,42
frame=5,4,1549,0,32,48,18,43
frame=5,5,1549,0,32,48,18,43
frame=5,6,1549,0,32,48,18,43
frame=5,7,44,0,44,49,22,43
frame=6,0,2001,0,25,48,12,43
frame=6,1,2001,0,25,48,12,43
frame=6,2,2001,0,25,48,12,43
frame=6,3,3282,0,34,46,17,42
frame=6,4,2026,0,25,48,13,43
frame=6,5,2026,0,25,48,13,43
frame=6,6,2026,0,25,48,13,43
frame=6,7,120,0,32,49,16,43

[die]
frames=6
duration=3
type=play_once
frame=0,0,1259,0,33,48,21,42
frame=0,1,1259,0,33,48,21,42
frame=0,2,1259,0,33,48,21,42
frame=0,3,2741,0,27,47,14,41
frame=0,4,1292,0,33,48,13,42
frame=0,5,1292,0,33,48,13,42
frame=0,6,1292,0,33,48,13,42
frame=0,7,595,0,26,49,14,43
frame=1,0,1125,0,34,48,21,42
frame=1,1,1125,0,34,48,21,42
frame=1,2,1125,0,34,48,21,42
frame=1,3,2713,0,28,47,14,41
frame=1,4,1159,0,34,48,14,42
frame=1,5,1159,0,34,48,14,42
frame=1,6,1159,0,34,48,14,42
frame=1,7,621,0,26,49,14,43
frame=2,0,983,0,36,48,20,42
frame=2,1,983,0,36,48,20,42
frame=2,2,983,0,36,48,20,42
frame=2,3,2543,0,29,47,14,41
frame=2,4,1019,0,36,48,17,42
frame=2,5,1019,0,36,48,17,42
frame=2,6,1019,0,36,48,17,42
frame=2,7,647,0,26,49,14,43
frame=3,0,907,0,38,48,20,42
frame=3,1,907,0,38,48,20,42
frame=3,2,907,0,38,48,20,42
frame=3,3,2513,0,30,47,14,41
frame=3,4,945,0,38,48,19,42
frame=3,5,945,0,38,48,19,42
frame=3,6,945,0,38,48,19,42
frame=3,7,673,0,26,49,14,43
frame=4,0,1055,0,35,48,20,42
frame=4,1,1055,0,35,48,20,42
frame=4,2,1055,0,35,48,20,42
frame=4,3,2572,0,29,47,14,41
frame=4,4,1090,0,35,48,16,42
frame=4,5,1090,0,35,48,16,42
frame=4,6,1090,0,35,48,16,42
frame=4,7,699,0,26,49,14,43
frame=5,0,2333,0,23,48,11,43
frame=5,1,2333,0,23,48,11,43
frame=5,2,2333,0,23,48,11,43
frame=5,3,3812,0,28,45,14,40
frame=5,4,2356,0,23,48,12,43
frame=5,5,2356,0,23,48,12,43
frame=5,6,2356,0,23,48,12,43
frame=5,7,406,0,28,49,14,43

[melee]
frames=6
duration=3
type=play_once
frame=0,0,2149,0,23,48,11,43
frame=0,1,2149,0,23,48,11,43
frame=0,2,2149,0,23,48,11,43
frame=0,3,3400,0,28,46,14,42
frame=0,4,2172,0,23,48,12,43
frame=0,5,2172,0,23,48,12,43
frame=0,6,2172,0,23,48,12,43
frame=0,7,1637,0,28,48,14,43
frame=1,0,3026,0,25,47,14,41
frame=1,1,3026,0,25,47,14,41
frame=1,2,3026,0,25,47,14,41
frame=1,3,3594,0,26,46,14,42
frame=1,4,3051,0,25,47,11,41
frame=1,5,3051,0,25,47,11,41
frame=1,6,3051,0,25,47,11,41
frame=1,7,3620,0,26,46,13,41
frame=2,0,1901,0,25,48,13,42
frame=2,1,1901,0,25,48,13,42
frame=2,2,1901,0,25,48,13,42
frame=2,3,3646,0,26,46,15,42
frame=2,4,1926,0,25,48,11,42
frame=2,5,1926,0,25,48,11,42
frame=2,6,1926,0,25,48,11,42
frame=2,7,2820,0,26,47,14,42
frame=3,0,1325,0,32,48,20,43
frame=3,1,1325,0,32,48,20,43
frame=3,2,1325,0,32,48,20,43
frame=3,3,2846,0,26,47,12,43
frame=3,4,1357,0,32,48,12,43
frame=3,5,1357,0,32,48,12,43
frame=3,6,1357,0,32,48,12,43
frame=3,7,2872,0,26,47,12,43
frame=4,0,1193,0,33,48,21,43
frame=4,1,1193,0,33,48,21,43
frame=4,2,1193,0,33,48,21,43
frame=4,3,2449,0,33,47,12,43
frame=4,4,1226,0,33,48,12,43
frame=4,5,1226,0,33,48,12,43
frame=4,6,1226,0,33,48,12,43
frame=4,7,2482,0,31,47,11,43
frame=5,0,1389,0,32,48,20,43
frame=5,1,1389,0,32,48,20,43
frame=5,2,1389,0,32,48,20,43
frame=5,3,2379,0,36,47,12,43
frame=5,4,1421,0,32,48,12,43
frame=5,5,1421,0,32,48,12,43
frame=5,6,1421,0,32,48,12,43
frame=5,7,2415,0,34,47,12,43

[thrust]
frames=8
duration=3
type=play_once
frame=0,0,2333,0,23,48,11,43
frame=0,1,2333,0,23,48,11,43
frame=0,2,2333,0,23,48,11,43
frame=0,3,3812,0,28,45,14,40
frame=0,4,2356,0,23,48,12,43
frame=0,5,2356,0,23,48,12,43
frame=0,6,2356,0,23,48,12,43
frame=0,7,406,0,28,49,14,43
frame=1,0,2051,0,25,48,13,43
frame=1,1,2051,0,25,48,13,43
frame=1,2,2051,0,25,48,13,43
frame=1,3,3512,0,28,46,15,40
frame=1,4,2076,0,25,48,12,43
frame=1,5,2076,0,25,48,12,43
frame=1,6,2076,0,25,48,12,43
frame=1,7,725,0,26,49,13,43
frame=2,0,488,0,27,49,13,43
frame=2,1,488,0,27,49,13,43
frame=2,2,488,0,27,49,13,43
frame=2,3,1719,0,26,48,13,42
frame=2,4,1665,0,27,48,14,43
frame=2,5,1665,0,27,48,14,43
frame=2,6,1665,0,27,48,14,43
frame=2,7,1745,0,26,48,13,43
frame=3,0,751,0,26,49,11,43
frame=3,1,751,0,26,49,11,43
frame=3,2,751,0,26,49,11,43
frame=3,3,1771,0,26,48,12,42
frame=3,4,777,0,26,49,15,43
frame=3,5,777,0,26,49,15,43
frame=3,6,777,0,26,49,15,43
frame=3,7,1692,0,27,48,14,43
frame=4,0,803,0,26,49,17,43
frame=4,1,803,0,26,49,17,43
frame=4,2,803,0,26,49,17,43
frame=4,3,1797,0,26,48,11,42
frame=4,4,829,0,26,49,9,43
frame=4,5,829,0,26,49,9,43
frame=4,6,829,0,26,49,9,43
frame=4,7,2898,0,26,47,13,42
frame=5,0,152,0,29,49,20,43
frame=5,1,152,0,29,49,20,43
frame=5,2,152,0,29,49,20,43
frame=5,3,1823,0,26,48,10,42
frame=5,4,181,0,29,49,9,43
frame=5,5,181,0,29,49,9,43
frame=5,6,181,0,29,49,9,43
frame=5,7,2924,0,26,47,13,42
frame=6,0,515,0,27,49,17,43
frame=6,1,515,0,27,49,17,43
frame=6,2,515,0,27,49,17,43
frame=6,3,1849,0,26,48,11,42
frame=6,4,542,0,27,49,10,43
frame=6,5,542,0,27,49,10,43
frame=6,6,542,0,27,49,10,43
frame=6,7,2950,0,26,47,13,42
frame=7,0,855,0,26,49,11,43
frame=7,1,855,0,26,49,11,43
frame=7,2,855,0,26,49,11,43
frame=7,3,1875,0,26,48,10,42
frame=7,4,881,0,26,49,15,43
frame=7,5,881,0,26,49,15,43
frame=7,6,881,0,26,49,15,43
frame=7,7,1692,0,27,48,14,43

[hit]
frames=3
duration=1
type=back_forth
frame=0,0,1259,0,33,48,21,42
frame=0,1,1259,0,33,48,21,42
frame=0,2,1259,0,33,48,21,42
frame=0,3,2741,0,27,47,14,41
frame=0,4,1292,0,33,48,13,42
frame=0,5,1292,0,33,48,13,42
frame=0,6,1292,0,33,48,13,42
frame=0,7,595,0,26,49,14,43
frame=1,0,1125,0,34,48,21,42
frame=1,1,1125,0,34,48,21,42
frame=1,2,1125,0,34,48,21,42
frame=1,3,2713,0,28,47,14,41
frame=1,4,1159,0,34,48,14,42
frame=1,5,1159,0,34,48,14,42
frame=1,6,1159,0,34,48,14,42
frame=1,7,621,0,26,49,14,43
frame=2,0,983,0,36,48,20,42
frame=2,1,983,0,36,48,20,42
frame=2,2,983,0,36,48,20,42
frame=2,3,2543,0,29,47,14,41
frame=2,4,1019,0,36,48,17,42
frame=2,5,1019,0,36,48,17,42
frame=2,6,1019,0,36,48,17,42
frame=2,7,647,0,26,49,14,43

[block]
frames=2
duration=3
type=play_once
frame=0,0,1259,0,33,48,21,42
frame=0,1,1259,0,33,48,21,42
frame=0,2,1259,0,33,48,21,42
frame=0,3,2741,0,27,47,14,41
frame=0,4,1292,0,33,48,13,42
frame=0,5,1292,0,33,48,13,42
frame=0,6,1292,0,33,48,13,42
frame=0,7,595,0,26,49,14,43
frame=1,0,1125,0,34,48,21,42
frame=1,1,1125,0,34,48,21,42
frame=1,2,1125,0,34,48,21,42
frame=1,3,2713,0,28,47,14,41
frame=1,4,1159,0,34,48,14,42
frame=1,5,1159,0,34,48,14,42
frame=1,6,1159,0,34,48,14,42
frame=1,7,621,0,26,49,14,43
