img=images/tilesets/master.png
tile=16,0,0,32,32,16,16
tile=17,32,0,32,32,16,16
tile=18,64,0,32,32,16,16
tile=19,96,0,32,32,16,16
tile=20,128,0,32,32,16,16
tile=21,160,0,32,32,16,16
tile=22,192,0,32,32,16,16
tile=23,224,0,32,32,16,16
tile=24,256,0,32,32,16,16
tile=25,288,0,32,32,16,16
tile=26,320,0,32,32,16,16
tile=27,352,0,32,32,16,16
tile=28,384,0,32,32,16,16
tile=29,416,0,32,32,16,16
tile=30,448,0,32,32,16,16
tile=31,480,0,32,32,16,16
tile=32,512,0,32,32,16,16
tile=33,544,0,32,32,16,16
tile=34,576,0,32,32,16,16
tile=35,608,0,32,32,16,16
tile=36,640,0,32,32,16,16
tile=37,672,0,32,32,16,16
tile=38,704,0,32,32,16,16
tile=39,736,0,32,32,16,16
tile=40,768,0,32,32,16,16
tile=41,800,0,32,32,16,16
tile=42,832,0,32,32,16,16
tile=43,864,0,32,32,16,16
tile=44,896,0,32,32,16,16
tile=45,928,0,32,32,16,16
tile=46,0,32,32,32,16,16
tile=47,32,32,32,32,16,16
tile=48,64,32,32,32,16,16
tile=49,96,32,32,32,16,16
tile=50,128,32,32,32,16,16
tile=51,160,32,32,32,16,16
tile=52,192,32,32,32,16,16
tile=53,224,32,32,32,16,16
tile=54,256,32,32,32,16,16
tile=55,288,32,32,32,16,16
tile=56,320,32,32,32,16,16
tile=57,352,32,32,32,16,16
tile=58,384,32,32,32,16,16
tile=59,416,32,32,32,16,16
tile=60,448,32,32,32,16,16
tile=61,480,32,32,32,16,16
tile=62,512,32,32,32,16,16
tile=63,544,32,32,32,16,16
tile=64,576,32,32,32,16,16
tile=65,608,32,32,32,16,16
tile=66,640,32,32,32,16,16
tile=67,672,32,32,32,16,16
tile=68,704,32,32,32,16,16
tile=69,736,32,32,32,16,16
tile=70,768,32,32,32,16,16
tile=71,800,32,32,32,16,16
tile=72,832,32,32,32,16,16
tile=73,864,32,32,32,16,16
tile=74,896,32,32,32,16,16
tile=75,928,32,32,32,16,16
tile=76,0,64,32,32,16,16
tile=77,32,64,32,32,16,16
tile=78,64,64,32,32,16,16
tile=79,96,64,32,32,16,16
tile=80,128,64,32,32,16,16
tile=81,160,64,32,32,16,16
tile=82,192,64,32,32,16,16
tile=83,224,64,32,32,16,16
tile=84,256,64,32,32,16,16
tile=85,288,64,32,32,16,16
tile=86,320,64,32,32,16,16
tile=87,352,64,32,32,16,16
tile=88,384,64,32,32,16,16
tile=89,416,64,32,32,16,16
tile=90,448,64,32,32,16,16
tile=91,480,64,32,32,16,16
tile=92,512,64,32,32,16,16
tile=93,544,64,32,32,16,16
tile=94,576,64,32,32,16,16
tile=95,608,64,32,32,16,16
tile=96,640,64,32,32,16,16
tile=97,672,64,32,32,16,16
tile=98,704,64,32,32,16,16
tile=99,736,64,32,32,16,16
tile=100,768,64,32,32,16,16
tile=101,800,64,32,32,16,16
tile=102,832,64,32,32,16,16
tile=103,864,64,32,32,16,16
tile=104,896,64,32,32,16,16
tile=105,928,64,32,32,16,16
tile=106,0,96,32,32,16,16
tile=107,32,96,32,32,16,16
tile=108,64,96,32,32,16,16
tile=109,96,96,32,32,16,16
tile=110,128,96,32,32,16,16
tile=111,160,96,32,32,16,16
tile=112,192,96,32,32,16,16
tile=113,224,96,32,32,16,16
tile=114,256,96,32,32,16,16
tile=115,288,96,32,32,16,16
tile=116,320,96,32,32,16,16
tile=117,352,96,32,32,16,16
tile=118,384,96,32,32,16,16
tile=119,416,96,32,32,16,16
tile=120,448,96,32,32,16,16
tile=121,480,96,32,32,16,16
tile=122,512,96,32,32,16,16
tile=123,544,96,32,32,16,16
tile=124,576,96,32,32,16,16
tile=125,608,96,32,32,16,16
tile=126,640,96,32,32,16,16
tile=127,672,96,32,32,16,16
tile=128,704,96,32,32,16,16
tile=129,736,96,32,32,16,16
tile=130,768,96,32,32,16,16
tile=131,800,96,32,32,16,16
tile=132,832,96,32,32,16,16
tile=133,864,96,32,32,16,16
tile=134,896,96,32,32,16,16
tile=135,928,96,32,32,16,16
tile=136,0,128,32,32,16,16
tile=137,32,128,32,32,16,16
tile=138,64,128,32,32,16,16
tile=139,96,128,32,32,16,16
tile=140,128,128,32,32,16,16
tile=141,160,128,32,32,16,16
tile=142,192,128,32,32,16,16
tile=143,224,128,32,32,16,16
tile=144,256,128,32,32,16,16
tile=145,288,128,32,32,16,16
tile=146,320,128,32,32,16,16
tile=147,352,128,32,32,16,16
tile=148,384,128,32,32,16,16
tile=149,416,128,32,32,16,16
tile=150,448,128,32,32,16,16
tile=151,480,128,32,32,16,16
tile=152,512,128,32,32,16,16
tile=153,544,128,32,32,16,16
tile=154,576,128,32,32,16,16
tile=155,608,128,32,32,16,16
tile=156,640,128,32,32,16,16
tile=157,672,128,32,32,16,16
tile=158,704,128,32,32,16,16
tile=159,736,128,32,32,16,16
tile=160,768,128,32,32,16,16
tile=161,800,128,32,32,16,16
tile=162,832,128,32,32,16,16
tile=163,864,128,32,32,16,16
tile=164,896,128,32,32,16,16
tile=165,928,128,32,32,16,16
tile=166,0,160,32,32,16,16
tile=167,32,160,32,32,16,16
tile=168,64,160,32,32,16,16
tile=169,96,160,32,32,16,16
tile=170,128,160,32,32,16,16
tile=171,160,160,32,32,16,16
tile=172,192,160,32,32,16,16
tile=173,224,160,32,32,16,16
tile=174,256,160,32,32,16,16
tile=175,288,160,32,32,16,16
tile=176,320,160,32,32,16,16
tile=177,352,160,32,32,16,16
tile=178,384,160,32,32,16,16
tile=179,416,160,32,32,16,16
tile=180,448,160,32,32,16,16
tile=181,480,160,32,32,16,16
tile=182,512,160,32,32,16,16
tile=183,544,160,32,32,16,16
tile=184,576,160,32,32,16,16
tile=185,608,160,32,32,16,16
tile=186,640,160,32,32,16,16
tile=187,672,160,32,32,16,16
tile=188,704,160,32,32,16,16
tile=189,736,160,32,32,16,16
tile=190,768,160,32,32,16,16
tile=191,800,160,32,32,16,16
tile=192,832,160,32,32,16,16
tile=193,864,160,32,32,16,16
tile=194,896,160,32,32,16,16
tile=195,928,160,32,32,16,16
tile=196,0,192,32,32,16,16
tile=197,32,192,32,32,16,16
tile=198,64,192,32,32,16,16
tile=199,96,192,32,32,16,16
tile=200,128,192,32,32,16,16
tile=201,160,192,32,32,16,16
tile=202,192,192,32,32,16,16
tile=203,224,192,32,32,16,16
tile=204,256,192,32,32,16,16
tile=205,288,192,32,32,16,16
tile=206,320,192,32,32,16,16
tile=207,352,192,32,32,16,16
tile=208,384,192,32,32,16,16
tile=209,416,192,32,32,16,16
tile=210,448,192,32,32,16,16
tile=211,480,192,32,32,16,16
tile=212,512,192,32,32,16,16
tile=213,544,192,32,32,16,16
tile=214,576,192,32,32,16,16
tile=215,608,192,32,32,16,16
tile=216,640,192,32,32,16,16
tile=217,672,192,32,32,16,16
tile=218,704,192,32,32,16,16
tile=219,736,192,32,32,16,16
tile=220,768,192,32,32,16,16
tile=221,800,192,32,32,16,16
tile=222,832,192,32,32,16,16
tile=223,864,192,32,32,16,16
tile=224,896,192,32,32,16,16
tile=225,928,192,32,32,16,16
tile=226,0,224,32,32,16,16
tile=227,32,224,32,32,16,16
tile=228,64,224,32,32,16,16
tile=229,96,224,32,32,16,16
tile=230,128,224,32,32,16,16
tile=231,160,224,32,32,16,16
tile=232,192,224,32,32,16,16
tile=233,224,224,32,32,16,16
tile=234,256,224,32,32,16,16
tile=235,288,224,32,32,16,16
tile=236,320,224,32,32,16,16
tile=237,352,224,32,32,16,16
tile=238,384,224,32,32,16,16
tile=239,416,224,32,32,16,16
tile=240,448,224,32,32,16,16
tile=241,480,224,32,32,16,16
tile=242,512,224,32,32,16,16
tile=243,544,224,32,32,16,16
tile=244,576,224,32,32,16,16
tile=245,608,224,32,32,16,16
tile=246,640,224,32,32,16,16
tile=247,672,224,32,32,16,16
tile=248,704,224,32,32,16,16
tile=249,736,224,32,32,16,16
tile=250,768,224,32,32,16,16
tile=251,800,224,32,32,16,16
tile=252,832,224,32,32,16,16
tile=253,864,224,32,32,16,16
tile=254,896,224,32,32,16,16
tile=255,928,224,32,32,16,16
tile=256,0,256,32,32,16,16
tile=257,32,256,32,32,16,16
tile=258,64,256,32,32,16,16
tile=259,96,256,32,32,16,16
tile=260,128,256,32,32,16,16
tile=261,160,256,32,32,16,16
tile=262,192,256,32,32,16,16
tile=263,224,256,32,32,16,16
tile=264,256,256,32,32,16,16
tile=265,288,256,32,32,16,16
tile=266,320,256,32,32,16,16
tile=267,352,256,32,32,16,16
tile=268,384,256,32,32,16,16
tile=269,416,256,32,32,16,16
tile=270,448,256,32,32,16,16
tile=271,480,256,32,32,16,16
tile=272,512,256,32,32,16,16
tile=273,544,256,32,32,16,16
tile=274,576,256,32,32,16,16
tile=275,608,256,32,32,16,16
tile=276,640,256,32,32,16,16
tile=277,672,256,32,32,16,16
tile=278,704,256,32,32,16,16
tile=279,736,256,32,32,16,16
tile=280,768,256,32,32,16,16
tile=281,800,256,32,32,16,16
tile=282,832,256,32,32,16,16
tile=283,864,256,32,32,16,16
tile=284,896,256,32,32,16,16
tile=285,928,256,32,32,16,16
tile=286,0,288,32,32,16,16
tile=287,32,288,32,32,16,16
tile=288,64,288,32,32,16,16
tile=289,96,288,32,32,16,16
tile=290,128,288,32,32,16,16
tile=291,160,288,32,32,16,16
tile=292,192,288,32,32,16,16
tile=293,224,288,32,32,16,16
tile=294,256,288,32,32,16,16
tile=295,288,288,32,32,16,16
tile=296,320,288,32,32,16,16
tile=297,352,288,32,32,16,16
tile=298,384,288,32,32,16,16
tile=299,416,288,32,32,16,16
tile=300,448,288,32,32,16,16
tile=301,480,288,32,32,16,16
tile=302,512,288,32,32,16,16
tile=303,544,288,32,32,16,16
tile=304,576,288,32,32,16,16
tile=305,608,288,32,32,16,16
tile=306,640,288,32,32,16,16
tile=307,672,288,32,32,16,16
tile=308,704,288,32,32,16,16
tile=309,736,288,32,32,16,16
tile=310,768,288,32,32,16,16
tile=311,800,288,32,32,16,16
tile=312,832,288,32,32,16,16
tile=313,864,288,32,32,16,16
tile=314,896,288,32,32,16,16
tile=315,928,288,32,32,16,16
tile=316,0,320,32,32,16,16
tile=317,32,320,32,32,16,16
tile=318,64,320,32,32,16,16
tile=319,96,320,32,32,16,16
tile=320,128,320,32,32,16,16
tile=321,160,320,32,32,16,16
tile=322,192,320,32,32,16,16
tile=323,224,320,32,32,16,16
tile=324,256,320,32,32,16,16
tile=325,288,320,32,32,16,16
tile=326,320,320,32,32,16,16
tile=327,352,320,32,32,16,16
tile=328,384,320,32,32,16,16
tile=329,416,320,32,32,16,16
tile=330,448,320,32,32,16,16
tile=331,480,320,32,32,16,16
tile=332,512,320,32,32,16,16
tile=333,544,320,32,32,16,16
tile=334,576,320,32,32,16,16
tile=335,608,320,32,32,16,16
tile=336,640,320,32,32,16,16
tile=337,672,320,32,32,16,16
tile=338,704,320,32,32,16,16
tile=339,736,320,32,32,16,16
tile=340,768,320,32,32,16,16
tile=341,800,320,32,32,16,16
tile=342,832,320,32,32,16,16
tile=343,864,320,32,32,16,16
tile=344,896,320,32,32,16,16
tile=345,928,320,32,32,16,16
tile=346,0,352,32,32,16,16
tile=347,32,352,32,32,16,16
tile=348,64,352,32,32,16,16
tile=349,96,352,32,32,16,16
tile=350,128,352,32,32,16,16
tile=351,160,352,32,32,16,16
tile=352,192,352,32,32,16,16
tile=353,224,352,32,32,16,16
tile=354,256,352,32,32,16,16
tile=355,288,352,32,32,16,16
tile=356,320,352,32,32,16,16
tile=357,352,352,32,32,16,16
tile=358,384,352,32,32,16,16
tile=359,416,352,32,32,16,16
tile=360,448,352,32,32,16,16
tile=361,480,352,32,32,16,16
tile=362,512,352,32,32,16,16
tile=363,544,352,32,32,16,16
tile=364,576,352,32,32,16,16
tile=365,608,352,32,32,16,16
tile=366,640,352,32,32,16,16
tile=367,672,352,32,32,16,16
tile=368,704,352,32,32,16,16
tile=369,736,352,32,32,16,16
tile=370,768,352,32,32,16,16
tile=371,800,352,32,32,16,16
tile=372,832,352,32,32,16,16
tile=373,864,352,32,32,16,16
tile=374,896,352,32,32,16,16
tile=375,928,352,32,32,16,16
tile=376,0,384,32,32,16,16
tile=377,32,384,32,32,16,16
tile=378,64,384,32,32,16,16
tile=379,96,384,32,32,16,16
tile=380,128,384,32,32,16,16
tile=381,160,384,32,32,16,16
tile=382,192,384,32,32,16,16
tile=383,224,384,32,32,16,16
tile=384,256,384,32,32,16,16
tile=385,288,384,32,32,16,16
tile=386,320,384,32,32,16,16
tile=387,352,384,32,32,16,16
tile=388,384,384,32,32,16,16
tile=389,416,384,32,32,16,16
tile=390,448,384,32,32,16,16
tile=391,480,384,32,32,16,16
tile=392,512,384,32,32,16,16
tile=393,544,384,32,32,16,16
tile=394,576,384,32,32,16,16
tile=395,608,384,32,32,16,16
tile=396,640,384,32,32,16,16
tile=397,672,384,32,32,16,16
tile=398,704,384,32,32,16,16
tile=399,736,384,32,32,16,16
tile=400,768,384,32,32,16,16
tile=401,800,384,32,32,16,16
tile=402,832,384,32,32,16,16
tile=403,864,384,32,32,16,16
tile=404,896,384,32,32,16,16
tile=405,928,384,32,32,16,16
tile=406,0,416,32,32,16,16
tile=407,32,416,32,32,16,16
tile=408,64,416,32,32,16,16
tile=409,96,416,32,32,16,16
tile=410,128,416,32,32,16,16
tile=411,160,416,32,32,16,16
tile=412,192,416,32,32,16,16
tile=413,224,416,32,32,16,16
tile=414,256,416,32,32,16,16
tile=415,288,416,32,32,16,16
tile=416,320,416,32,32,16,16
tile=417,352,416,32,32,16,16
tile=418,384,416,32,32,16,16
tile=419,416,416,32,32,16,16
tile=420,448,416,32,32,16,16
tile=421,480,416,32,32,16,16
tile=422,512,416,32,32,16,16
tile=423,544,416,32,32,16,16
tile=424,576,416,32,32,16,16
tile=425,608,416,32,32,16,16
tile=426,640,416,32,32,16,16
tile=427,672,416,32,32,16,16
tile=428,704,416,32,32,16,16
tile=429,736,416,32,32,16,16
tile=430,768,416,32,32,16,16
tile=431,800,416,32,32,16,16
tile=432,832,416,32,32,16,16
tile=433,864,416,32,32,16,16
tile=434,896,416,32,32,16,16
tile=435,928,416,32,32,16,16
tile=436,0,448,32,32,16,16
tile=437,32,448,32,32,16,16
tile=438,64,448,32,32,16,16
tile=439,96,448,32,32,16,16
tile=440,128,448,32,32,16,16
tile=441,160,448,32,32,16,16
tile=442,192,448,32,32,16,16
tile=443,224,448,32,32,16,16
tile=444,256,448,32,32,16,16
tile=445,288,448,32,32,16,16
tile=446,320,448,32,32,16,16
tile=447,352,448,32,32,16,16
tile=448,384,448,32,32,16,16
tile=449,416,448,32,32,16,16
tile=450,448,448,32,32,16,16
tile=451,480,448,32,32,16,16
tile=452,512,448,32,32,16,16
tile=453,544,448,32,32,16,16
tile=454,576,448,32,32,16,16
tile=455,608,448,32,32,16,16
tile=456,640,448,32,32,16,16
tile=457,672,448,32,32,16,16
tile=458,704,448,32,32,16,16
tile=459,736,448,32,32,16,16
tile=460,768,448,32,32,16,16
tile=461,800,448,32,32,16,16
tile=462,832,448,32,32,16,16
tile=463,864,448,32,32,16,16
tile=464,896,448,32,32,16,16
tile=465,928,448,32,32,16,16
tile=466,0,480,32,32,16,16
tile=467,32,480,32,32,16,16
tile=468,64,480,32,32,16,16
tile=469,96,480,32,32,16,16
tile=470,128,480,32,32,16,16
tile=471,160,480,32,32,16,16
tile=472,192,480,32,32,16,16
tile=473,224,480,32,32,16,16
tile=474,256,480,32,32,16,16
tile=475,288,480,32,32,16,16
tile=476,320,480,32,32,16,16
tile=477,352,480,32,32,16,16
tile=478,384,480,32,32,16,16
tile=479,416,480,32,32,16,16
tile=480,448,480,32,32,16,16
tile=481,480,480,32,32,16,16
tile=482,512,480,32,32,16,16
tile=483,544,480,32,32,16,16
tile=484,576,480,32,32,16,16
tile=485,608,480,32,32,16,16
tile=486,640,480,32,32,16,16
tile=487,672,480,32,32,16,16
tile=488,704,480,32,32,16,16
tile=489,736,480,32,32,16,16
tile=490,768,480,32,32,16,16
tile=491,800,480,32,32,16,16
tile=492,832,480,32,32,16,16
tile=493,864,480,32,32,16,16
tile=494,896,480,32,32,16,16
tile=495,928,480,32,32,16,16
tile=496,0,512,32,32,16,16
tile=497,32,512,32,32,16,16
tile=498,64,512,32,32,16,16
tile=499,96,512,32,32,16,16
tile=500,128,512,32,32,16,16
tile=501,160,512,32,32,16,16
tile=502,192,512,32,32,16,16
tile=503,224,512,32,32,16,16
tile=504,256,512,32,32,16,16
tile=505,288,512,32,32,16,16
tile=506,320,512,32,32,16,16
tile=507,352,512,32,32,16,16
tile=508,384,512,32,32,16,16
tile=509,416,512,32,32,16,16
tile=510,448,512,32,32,16,16
tile=511,480,512,32,32,16,16
tile=512,512,512,32,32,16,16
tile=513,544,512,32,32,16,16
tile=514,576,512,32,32,16,16
tile=515,608,512,32,32,16,16
tile=516,640,512,32,32,16,16
tile=517,672,512,32,32,16,16
tile=518,704,512,32,32,16,16
tile=519,736,512,32,32,16,16
tile=520,768,512,32,32,16,16
tile=521,800,512,32,32,16,16
tile=522,832,512,32,32,16,16
tile=523,864,512,32,32,16,16
tile=524,896,512,32,32,16,16
tile=525,928,512,32,32,16,16
tile=526,0,544,32,32,16,16
tile=527,32,544,32,32,16,16
tile=528,64,544,32,32,16,16
tile=529,96,544,32,32,16,16
tile=530,128,544,32,32,16,16
tile=531,160,544,32,32,16,16
tile=532,192,544,32,32,16,16
tile=533,224,544,32,32,16,16
tile=534,256,544,32,32,16,16
tile=535,288,544,32,32,16,16
tile=536,320,544,32,32,16,16
tile=537,352,544,32,32,16,16
tile=538,384,544,32,32,16,16
tile=539,416,544,32,32,16,16
tile=540,448,544,32,32,16,16
tile=541,480,544,32,32,16,16
tile=542,512,544,32,32,16,16
tile=543,544,544,32,32,16,16
tile=544,576,544,32,32,16,16
tile=545,608,544,32,32,16,16
tile=546,640,544,32,32,16,16
tile=547,672,544,32,32,16,16
tile=548,704,544,32,32,16,16
tile=549,736,544,32,32,16,16
tile=550,768,544,32,32,16,16
tile=551,800,544,32,32,16,16
tile=552,832,544,32,32,16,16
tile=553,864,544,32,32,16,16
tile=554,896,544,32,32,16,16
tile=555,928,544,32,32,16,16
tile=556,0,576,32,32,16,16
tile=557,32,576,32,32,16,16
tile=558,64,576,32,32,16,16
tile=559,96,576,32,32,16,16
tile=560,128,576,32,32,16,16
tile=561,160,576,32,32,16,16
tile=562,192,576,32,32,16,16
tile=563,224,576,32,32,16,16
tile=564,256,576,32,32,16,16
tile=565,288,576,32,32,16,16
tile=566,320,576,32,32,16,16
tile=567,352,576,32,32,16,16
tile=568,384,576,32,32,16,16
tile=569,416,576,32,32,16,16
tile=570,448,576,32,32,16,16
tile=571,480,576,32,32,16,16
tile=572,512,576,32,32,16,16
tile=573,544,576,32,32,16,16
tile=574,576,576,32,32,16,16
tile=575,608,576,32,32,16,16
tile=576,640,576,32,32,16,16
tile=577,672,576,32,32,16,16
tile=578,704,576,32,32,16,16
tile=579,736,576,32,32,16,16
tile=580,768,576,32,32,16,16
tile=581,800,576,32,32,16,16
tile=582,832,576,32,32,16,16
tile=583,864,576,32,32,16,16
tile=584,896,576,32,32,16,16
tile=585,928,576,32,32,16,16
tile=586,0,608,32,32,16,16
tile=587,32,608,32,32,16,16
tile=588,64,608,32,32,16,16
tile=589,96,608,32,32,16,16
tile=590,128,608,32,32,16,16
tile=591,160,608,32,32,16,16
tile=592,192,608,32,32,16,16
tile=593,224,608,32,32,16,16
tile=594,256,608,32,32,16,16
tile=595,288,608,32,32,16,16
tile=596,320,608,32,32,16,16
tile=597,352,608,32,32,16,16
tile=598,384,608,32,32,16,16
tile=599,416,608,32,32,16,16
tile=600,448,608,32,32,16,16
tile=601,480,608,32,32,16,16
tile=602,512,608,32,32,16,16
tile=603,544,608,32,32,16,16
tile=604,576,608,32,32,16,16
tile=605,608,608,32,32,16,16
tile=606,640,608,32,32,16,16
tile=607,672,608,32,32,16,16
tile=608,704,608,32,32,16,16
tile=609,736,608,32,32,16,16
tile=610,768,608,32,32,16,16
tile=611,800,608,32,32,16,16
tile=612,832,608,32,32,16,16
tile=613,864,608,32,32,16,16
tile=614,896,608,32,32,16,16
tile=615,928,608,32,32,16,16
tile=616,0,640,32,32,16,16
tile=617,32,640,32,32,16,16
tile=618,64,640,32,32,16,16
tile=619,96,640,32,32,16,16
tile=620,128,640,32,32,16,16
tile=621,160,640,32,32,16,16
tile=622,192,640,32,32,16,16
tile=623,224,640,32,32,16,16
tile=624,256,640,32,32,16,16
tile=625,288,640,32,32,16,16
tile=626,320,640,32,32,16,16
tile=627,352,640,32,32,16,16
tile=628,384,640,32,32,16,16
tile=629,416,640,32,32,16,16
tile=630,448,640,32,32,16,16
tile=631,480,640,32,32,16,16
tile=632,512,640,32,32,16,16
tile=633,544,640,32,32,16,16
tile=634,576,640,32,32,16,16
tile=635,608,640,32,32,16,16
tile=636,640,640,32,32,16,16
tile=637,672,640,32,32,16,16
tile=638,704,640,32,32,16,16
tile=639,736,640,32,32,16,16
tile=640,768,640,32,32,16,16
tile=641,800,640,32,32,16,16
tile=642,832,640,32,32,16,16
tile=643,864,640,32,32,16,16
tile=644,896,640,32,32,16,16
tile=645,928,640,32,32,16,16
tile=646,0,672,32,32,16,16
tile=647,32,672,32,32,16,16
tile=648,64,672,32,32,16,16
tile=649,96,672,32,32,16,16
tile=650,128,672,32,32,16,16
tile=651,160,672,32,32,16,16
tile=652,192,672,32,32,16,16
tile=653,224,672,32,32,16,16
tile=654,256,672,32,32,16,16
tile=655,288,672,32,32,16,16
tile=656,320,672,32,32,16,16
tile=657,352,672,32,32,16,16
tile=658,384,672,32,32,16,16
tile=659,416,672,32,32,16,16
tile=660,448,672,32,32,16,16
tile=661,480,672,32,32,16,16
tile=662,512,672,32,32,16,16
tile=663,544,672,32,32,16,16
tile=664,576,672,32,32,16,16
tile=665,608,672,32,32,16,16
tile=666,640,672,32,32,16,16
tile=667,672,672,32,32,16,16
tile=668,704,672,32,32,16,16
tile=669,736,672,32,32,16,16
tile=670,768,672,32,32,16,16
tile=671,800,672,32,32,16,16
tile=672,832,672,32,32,16,16
tile=673,864,672,32,32,16,16
tile=674,896,672,32,32,16,16
tile=675,928,672,32,32,16,16
tile=676,0,704,32,32,16,16
tile=677,32,704,32,32,16,16
tile=678,64,704,32,32,16,16
tile=679,96,704,32,32,16,16
tile=680,128,704,32,32,16,16
tile=681,160,704,32,32,16,16
tile=682,192,704,32,32,16,16
tile=683,224,704,32,32,16,16
tile=684,256,704,32,32,16,16
tile=685,288,704,32,32,16,16
tile=686,320,704,32,32,16,16
tile=687,352,704,32,32,16,16
tile=688,384,704,32,32,16,16
tile=689,416,704,32,32,16,16
tile=690,448,704,32,32,16,16
tile=691,480,704,32,32,16,16
tile=692,512,704,32,32,16,16
tile=693,544,704,32,32,16,16
tile=694,576,704,32,32,16,16
tile=695,608,704,32,32,16,16
tile=696,640,704,32,32,16,16
tile=697,672,704,32,32,16,16
tile=698,704,704,32,32,16,16
tile=699,736,704,32,32,16,16
tile=700,768,704,32,32,16,16
tile=701,800,704,32,32,16,16
tile=702,832,704,32,32,16,16
tile=703,864,704,32,32,16,16
tile=704,896,704,32,32,16,16
tile=705,928,704,32,32,16,16
tile=706,0,736,32,32,16,16
tile=707,32,736,32,32,16,16
tile=708,64,736,32,32,16,16
tile=709,96,736,32,32,16,16
tile=710,128,736,32,32,16,16
tile=711,160,736,32,32,16,16
tile=712,192,736,32,32,16,16
tile=713,224,736,32,32,16,16
tile=714,256,736,32,32,16,16
tile=715,288,736,32,32,16,16
tile=716,320,736,32,32,16,16
tile=717,352,736,32,32,16,16
tile=718,384,736,32,32,16,16
tile=719,416,736,32,32,16,16
tile=720,448,736,32,32,16,16
tile=721,480,736,32,32,16,16
tile=722,512,736,32,32,16,16
tile=723,544,736,32,32,16,16
tile=724,576,736,32,32,16,16
tile=725,608,736,32,32,16,16
tile=726,640,736,32,32,16,16
tile=727,672,736,32,32,16,16
tile=728,704,736,32,32,16,16
tile=729,736,736,32,32,16,16
tile=730,768,736,32,32,16,16
tile=731,800,736,32,32,16,16
tile=732,832,736,32,32,16,16
tile=733,864,736,32,32,16,16
tile=734,896,736,32,32,16,16
tile=735,928,736,32,32,16,16
tile=736,0,768,32,32,16,16
tile=737,32,768,32,32,16,16
tile=738,64,768,32,32,16,16
tile=739,96,768,32,32,16,16
tile=740,128,768,32,32,16,16
tile=741,160,768,32,32,16,16
tile=742,192,768,32,32,16,16
tile=743,224,768,32,32,16,16
tile=744,256,768,32,32,16,16
tile=745,288,768,32,32,16,16
tile=746,320,768,32,32,16,16
tile=747,352,768,32,32,16,16
tile=748,384,768,32,32,16,16
tile=749,416,768,32,32,16,16
tile=750,448,768,32,32,16,16
tile=751,480,768,32,32,16,16
tile=752,512,768,32,32,16,16
tile=753,544,768,32,32,16,16
tile=754,576,768,32,32,16,16
tile=755,608,768,32,32,16,16
tile=756,640,768,32,32,16,16
tile=757,672,768,32,32,16,16
tile=758,704,768,32,32,16,16
tile=759,736,768,32,32,16,16
tile=760,768,768,32,32,16,16
tile=761,800,768,32,32,16,16
tile=762,832,768,32,32,16,16
tile=763,864,768,32,32,16,16
tile=764,896,768,32,32,16,16
tile=765,928,768,32,32,16,16
tile=766,0,800,32,32,16,16
tile=767,32,800,32,32,16,16
tile=768,64,800,32,32,16,16
tile=769,96,800,32,32,16,16
tile=770,128,800,32,32,16,16
tile=771,160,800,32,32,16,16
tile=772,192,800,32,32,16,16
tile=773,224,800,32,32,16,16
tile=774,256,800,32,32,16,16
tile=775,288,800,32,32,16,16
tile=776,320,800,32,32,16,16
tile=777,352,800,32,32,16,16
tile=778,384,800,32,32,16,16
tile=779,416,800,32,32,16,16
tile=780,448,800,32,32,16,16
tile=781,480,800,32,32,16,16
tile=782,512,800,32,32,16,16
tile=783,544,800,32,32,16,16
tile=784,576,800,32,32,16,16
tile=785,608,800,32,32,16,16
tile=786,640,800,32,32,16,16
tile=787,672,800,32,32,16,16
tile=788,704,800,32,32,16,16
tile=789,736,800,32,32,16,16
tile=790,768,800,32,32,16,16
tile=791,800,800,32,32,16,16
tile=792,832,800,32,32,16,16
tile=793,864,800,32,32,16,16
tile=794,896,800,32,32,16,16
tile=795,928,800,32,32,16,16
tile=796,0,832,32,32,16,16
tile=797,32,832,32,32,16,16
tile=798,64,832,32,32,16,16
tile=799,96,832,32,32,16,16
tile=800,128,832,32,32,16,16
tile=801,160,832,32,32,16,16
tile=802,192,832,32,32,16,16
tile=803,224,832,32,32,16,16
tile=804,256,832,32,32,16,16
tile=805,288,832,32,32,16,16
tile=806,320,832,32,32,16,16
tile=807,352,832,32,32,16,16
tile=808,384,832,32,32,16,16
tile=809,416,832,32,32,16,16
tile=810,448,832,32,32,16,16
tile=811,480,832,32,32,16,16
tile=812,512,832,32,32,16,16
tile=813,544,832,32,32,16,16
tile=814,576,832,32,32,16,16
tile=815,608,832,32,32,16,16
tile=816,640,832,32,32,16,16
tile=817,672,832,32,32,16,16
tile=818,704,832,32,32,16,16
tile=819,736,832,32,32,16,16
tile=820,768,832,32,32,16,16
tile=821,800,832,32,32,16,16
tile=822,832,832,32,32,16,16
tile=823,864,832,32,32,16,16
tile=824,896,832,32,32,16,16
tile=825,928,832,32,32,16,16
tile=826,0,864,32,32,16,16
tile=827,32,864,32,32,16,16
tile=828,64,864,32,32,16,16
tile=829,96,864,32,32,16,16
tile=830,128,864,32,32,16,16
tile=831,160,864,32,32,16,16
tile=832,192,864,32,32,16,16
tile=833,224,864,32,32,16,16
tile=834,256,864,32,32,16,16
tile=835,288,864,32,32,16,16
tile=836,320,864,32,32,16,16
tile=837,352,864,32,32,16,16
tile=838,384,864,32,32,16,16
tile=839,416,864,32,32,16,16
tile=840,448,864,32,32,16,16
tile=841,480,864,32,32,16,16
tile=842,512,864,32,32,16,16
tile=843,544,864,32,32,16,16
tile=844,576,864,32,32,16,16
tile=845,608,864,32,32,16,16
tile=846,640,864,32,32,16,16
tile=847,672,864,32,32,16,16
tile=848,704,864,32,32,16,16
tile=849,736,864,32,32,16,16
tile=850,768,864,32,32,16,16
tile=851,800,864,32,32,16,16
tile=852,832,864,32,32,16,16
tile=853,864,864,32,32,16,16
tile=854,896,864,32,32,16,16
tile=855,928,864,32,32,16,16
tile=856,0,896,32,32,16,16
tile=857,32,896,32,32,16,16
tile=858,64,896,32,32,16,16
tile=859,96,896,32,32,16,16
tile=860,128,896,32,32,16,16
tile=861,160,896,32,32,16,16
tile=862,192,896,32,32,16,16
tile=863,224,896,32,32,16,16
tile=864,256,896,32,32,16,16
tile=865,288,896,32,32,16,16
tile=866,320,896,32,32,16,16
tile=867,352,896,32,32,16,16
tile=868,384,896,32,32,16,16
tile=869,416,896,32,32,16,16
tile=870,448,896,32,32,16,16
tile=871,480,896,32,32,16,16
tile=872,512,896,32,32,16,16
tile=873,544,896,32,32,16,16
tile=874,576,896,32,32,16,16
tile=875,608,896,32,32,16,16
tile=876,640,896,32,32,16,16
tile=877,672,896,32,32,16,16
tile=878,704,896,32,32,16,16
tile=879,736,896,32,32,16,16
tile=880,768,896,32,32,16,16
tile=881,800,896,32,32,16,16
tile=882,832,896,32,32,16,16
tile=883,864,896,32,32,16,16
tile=884,896,896,32,32,16,16
tile=885,928,896,32,32,16,16
tile=886,0,928,32,32,16,16
tile=887,32,928,32,32,16,16
tile=888,64,928,32,32,16,16
tile=889,96,928,32,32,16,16
tile=890,128,928,32,32,16,16
tile=891,160,928,32,32,16,16
tile=892,192,928,32,32,16,16
tile=893,224,928,32,32,16,16
tile=894,256,928,32,32,16,16
tile=895,288,928,32,32,16,16
tile=896,320,928,32,32,16,16
tile=897,352,928,32,32,16,16
tile=898,384,928,32,32,16,16
tile=899,416,928,32,32,16,16
tile=900,448,928,32,32,16,16
tile=901,480,928,32,32,16,16
tile=902,512,928,32,32,16,16
tile=903,544,928,32,32,16,16
tile=904,576,928,32,32,16,16
tile=905,608,928,32,32,16,16
tile=906,640,928,32,32,16,16
tile=907,672,928,32,32,16,16
tile=908,704,928,32,32,16,16
tile=909,736,928,32,32,16,16
tile=910,768,928,32,32,16,16
tile=911,800,928,32,32,16,16
tile=912,832,928,32,32,16,16
tile=913,864,928,32,32,16,16
tile=914,896,928,32,32,16,16
tile=915,928,928,32,32,16,16
tile=916,0,960,32,32,16,16
tile=917,32,960,32,32,16,16
tile=918,64,960,32,32,16,16
tile=919,96,960,32,32,16,16
tile=920,128,960,32,32,16,16
tile=921,160,960,32,32,16,16
tile=922,192,960,32,32,16,16
tile=923,224,960,32,32,16,16
tile=924,256,960,32,32,16,16
tile=925,288,960,32,32,16,16
tile=926,320,960,32,32,16,16
tile=927,352,960,32,32,16,16
tile=928,384,960,32,32,16,16
tile=929,416,960,32,32,16,16
tile=930,448,960,32,32,16,16
tile=931,480,960,32,32,16,16
tile=932,512,960,32,32,16,16
tile=933,544,960,32,32,16,16
tile=934,576,960,32,32,16,16
tile=935,608,960,32,32,16,16
tile=936,640,960,32,32,16,16
tile=937,672,960,32,32,16,16
tile=938,704,960,32,32,16,16
tile=939,736,960,32,32,16,16
tile=940,768,960,32,32,16,16
tile=941,800,960,32,32,16,16
tile=942,832,960,32,32,16,16
tile=943,864,960,32,32,16,16
tile=944,896,960,32,32,16,16
tile=945,928,960,32,32,16,16
tile=946,0,992,32,32,16,16
tile=947,32,992,32,32,16,16
tile=948,64,992,32,32,16,16
tile=949,96,992,32,32,16,16
tile=950,128,992,32,32,16,16
tile=951,160,992,32,32,16,16
tile=952,192,992,32,32,16,16
tile=953,224,992,32,32,16,16
tile=954,256,992,32,32,16,16
tile=955,288,992,32,32,16,16
tile=956,320,992,32,32,16,16
tile=957,352,992,32,32,16,16
tile=958,384,992,32,32,16,16
tile=959,416,992,32,32,16,16
tile=960,448,992,32,32,16,16
tile=961,480,992,32,32,16,16
tile=962,512,992,32,32,16,16
tile=963,544,992,32,32,16,16
tile=964,576,992,32,32,16,16
tile=965,608,992,32,32,16,16
tile=966,640,992,32,32,16,16
tile=967,672,992,32,32,16,16
tile=968,704,992,32,32,16,16
tile=969,736,992,32,32,16,16
tile=970,768,992,32,32,16,16
tile=971,800,992,32,32,16,16
tile=972,832,992,32,32,16,16
tile=973,864,992,32,32,16,16
tile=974,896,992,32,32,16,16
tile=975,928,992,32,32,16,16
tile=976,0,1024,32,32,16,16
tile=977,32,1024,32,32,16,16
tile=978,64,1024,32,32,16,16
tile=979,96,1024,32,32,16,16
tile=980,128,1024,32,32,16,16
tile=981,160,1024,32,32,16,16
tile=982,192,1024,32,32,16,16
tile=983,224,1024,32,32,16,16
tile=984,256,1024,32,32,16,16
tile=985,288,1024,32,32,16,16
tile=986,320,1024,32,32,16,16
tile=987,352,1024,32,32,16,16
tile=988,384,1024,32,32,16,16
tile=989,416,1024,32,32,16,16
tile=990,448,1024,32,32,16,16
tile=991,480,1024,32,32,16,16
tile=992,512,1024,32,32,16,16
tile=993,544,1024,32,32,16,16
tile=994,576,1024,32,32,16,16
tile=995,608,1024,32,32,16,16
tile=996,640,1024,32,32,16,16
tile=997,672,1024,32,32,16,16
tile=998,704,1024,32,32,16,16
tile=999,736,1024,32,32,16,16
tile=1000,768,1024,32,32,16,16
tile=1001,800,1024,32,32,16,16
tile=1002,832,1024,32,32,16,16
tile=1003,864,1024,32,32,16,16
tile=1004,896,1024,32,32,16,16
tile=1005,928,1024,32,32,16,16
tile=1006,0,1056,32,32,16,16
tile=1007,32,1056,32,32,16,16
tile=1008,64,1056,32,32,16,16
tile=1009,96,1056,32,32,16,16
tile=1010,128,1056,32,32,16,16
tile=1011,160,1056,32,32,16,16
tile=1012,192,1056,32,32,16,16
tile=1013,224,1056,32,32,16,16
tile=1014,256,1056,32,32,16,16
tile=1015,288,1056,32,32,16,16
tile=1016,320,1056,32,32,16,16
tile=1017,352,1056,32,32,16,16
tile=1018,384,1056,32,32,16,16
tile=1019,416,1056,32,32,16,16
tile=1020,448,1056,32,32,16,16
tile=1021,480,1056,32,32,16,16
tile=1022,512,1056,32,32,16,16
tile=1023,544,1056,32,32,16,16
tile=1024,576,1056,32,32,16,16
tile=1025,608,1056,32,32,16,16
tile=1026,640,1056,32,32,16,16
tile=1027,672,1056,32,32,16,16
tile=1028,704,1056,32,32,16,16
tile=1029,736,1056,32,32,16,16
tile=1030,768,1056,32,32,16,16
tile=1031,800,1056,32,32,16,16
tile=1032,832,1056,32,32,16,16
tile=1033,864,1056,32,32,16,16
tile=1034,896,1056,32,32,16,16
tile=1035,928,1056,32,32,16,16
tile=1036,0,1088,32,32,16,16
tile=1037,32,1088,32,32,16,16
tile=1038,64,1088,32,32,16,16
tile=1039,96,1088,32,32,16,16
tile=1040,128,1088,32,32,16,16
tile=1041,160,1088,32,32,16,16
tile=1042,192,1088,32,32,16,16
tile=1043,224,1088,32,32,16,16
tile=1044,256,1088,32,32,16,16
tile=1045,288,1088,32,32,16,16
tile=1046,320,1088,32,32,16,16
tile=1047,352,1088,32,32,16,16
tile=1048,384,1088,32,32,16,16
tile=1049,416,1088,32,32,16,16
tile=1050,448,1088,32,32,16,16
tile=1051,480,1088,32,32,16,16
tile=1052,512,1088,32,32,16,16
tile=1053,544,1088,32,32,16,16
tile=1054,576,1088,32,32,16,16
tile=1055,608,1088,32,32,16,16
tile=1056,640,1088,32,32,16,16
tile=1057,672,1088,32,32,16,16
tile=1058,704,1088,32,32,16,16
tile=1059,736,1088,32,32,16,16
tile=1060,768,1088,32,32,16,16
tile=1061,800,1088,32,32,16,16
tile=1062,832,1088,32,32,16,16
tile=1063,864,1088,32,32,16,16
tile=1064,896,1088,32,32,16,16
tile=1065,928,1088,32,32,16,16
tile=1066,0,1120,32,32,16,16
tile=1067,32,1120,32,32,16,16
tile=1068,64,1120,32,32,16,16
tile=1069,96,1120,32,32,16,16
tile=1070,128,1120,32,32,16,16
tile=1071,160,1120,32,32,16,16
tile=1072,192,1120,32,32,16,16
tile=1073,224,1120,32,32,16,16
tile=1074,256,1120,32,32,16,16
tile=1075,288,1120,32,32,16,16
tile=1076,320,1120,32,32,16,16
tile=1077,352,1120,32,32,16,16
tile=1078,384,1120,32,32,16,16
tile=1079,416,1120,32,32,16,16
tile=1080,448,1120,32,32,16,16
tile=1081,480,1120,32,32,16,16
tile=1082,512,1120,32,32,16,16
tile=1083,544,1120,32,32,16,16
tile=1084,576,1120,32,32,16,16
tile=1085,608,1120,32,32,16,16
tile=1086,640,1120,32,32,16,16
tile=1087,672,1120,32,32,16,16
tile=1088,704,1120,32,32,16,16
tile=1089,736,1120,32,32,16,16
tile=1090,768,1120,32,32,16,16
tile=1091,800,1120,32,32,16,16
tile=1092,832,1120,32,32,16,16
tile=1093,864,1120,32,32,16,16
tile=1094,896,1120,32,32,16,16
tile=1095,928,1120,32,32,16,16
tile=1096,0,1152,32,32,16,16
tile=1097,32,1152,32,32,16,16
tile=1098,64,1152,32,32,16,16
tile=1099,96,1152,32,32,16,16
tile=1100,128,1152,32,32,16,16
tile=1101,160,1152,32,32,16,16
tile=1102,192,1152,32,32,16,16
tile=1103,224,1152,32,32,16,16
tile=1104,256,1152,32,32,16,16
tile=1105,288,1152,32,32,16,16
tile=1106,320,1152,32,32,16,16
tile=1107,352,1152,32,32,16,16
tile=1108,384,1152,32,32,16,16
tile=1109,416,1152,32,32,16,16
tile=1110,448,1152,32,32,16,16
tile=1111,480,1152,32,32,16,16
tile=1112,512,1152,32,32,16,16
tile=1113,544,1152,32,32,16,16
tile=1114,576,1152,32,32,16,16
tile=1115,608,1152,32,32,16,16
tile=1116,640,1152,32,32,16,16
tile=1117,672,1152,32,32,16,16
tile=1118,704,1152,32,32,16,16
tile=1119,736,1152,32,32,16,16
tile=1120,768,1152,32,32,16,16
tile=1121,800,1152,32,32,16,16
tile=1122,832,1152,32,32,16,16
tile=1123,864,1152,32,32,16,16
tile=1124,896,1152,32,32,16,16
tile=1125,928,1152,32,32,16,16
tile=1126,0,1184,32,32,16,16
tile=1127,32,1184,32,32,16,16
tile=1128,64,1184,32,32,16,16
tile=1129,96,1184,32,32,16,16
tile=1130,128,1184,32,32,16,16
tile=1131,160,1184,32,32,16,16
tile=1132,192,1184,32,32,16,16
tile=1133,224,1184,32,32,16,16
tile=1134,256,1184,32,32,16,16
tile=1135,288,1184,32,32,16,16
tile=1136,320,1184,32,32,16,16
tile=1137,352,1184,32,32,16,16
tile=1138,384,1184,32,32,16,16
tile=1139,416,1184,32,32,16,16
tile=1140,448,1184,32,32,16,16
tile=1141,480,1184,32,32,16,16
tile=1142,512,1184,32,32,16,16
tile=1143,544,1184,32,32,16,16
tile=1144,576,1184,32,32,16,16
tile=1145,608,1184,32,32,16,16
tile=1146,640,1184,32,32,16,16
tile=1147,672,1184,32,32,16,16
tile=1148,704,1184,32,32,16,16
tile=1149,736,1184,32,32,16,16
tile=1150,768,1184,32,32,16,16
tile=1151,800,1184,32,32,16,16
tile=1152,832,1184,32,32,16,16
tile=1153,864,1184,32,32,16,16
tile=1154,896,1184,32,32,16,16
tile=1155,928,1184,32,32,16,16
tile=1156,0,1216,32,32,16,16
tile=1157,32,1216,32,32,16,16
tile=1158,64,1216,32,32,16,16
tile=1159,96,1216,32,32,16,16
tile=1160,128,1216,32,32,16,16
tile=1161,160,1216,32,32,16,16
tile=1162,192,1216,32,32,16,16
tile=1163,224,1216,32,32,16,16
tile=1164,256,1216,32,32,16,16
tile=1165,288,1216,32,32,16,16
tile=1166,320,1216,32,32,16,16
tile=1167,352,1216,32,32,16,16
tile=1168,384,1216,32,32,16,16
tile=1169,416,1216,32,32,16,16
tile=1170,448,1216,32,32,16,16
tile=1171,480,1216,32,32,16,16
tile=1172,512,1216,32,32,16,16
tile=1173,544,1216,32,32,16,16
tile=1174,576,1216,32,32,16,16
tile=1175,608,1216,32,32,16,16
tile=1176,640,1216,32,32,16,16
tile=1177,672,1216,32,32,16,16
tile=1178,704,1216,32,32,16,16
tile=1179,736,1216,32,32,16,16
tile=1180,768,1216,32,32,16,16
tile=1181,800,1216,32,32,16,16
tile=1182,832,1216,32,32,16,16
tile=1183,864,1216,32,32,16,16
tile=1184,896,1216,32,32,16,16
tile=1185,928,1216,32,32,16,16

tile=1186,0,1248,32,64,16,48
tile=1187,32,1248,32,64,16,48
tile=1188,64,1248,32,64,16,48
tile=1189,96,1248,32,64,16,48
tile=1190,128,1248,32,64,16,48
tile=1191,160,1248,32,64,16,48
tile=1192,192,1248,32,64,16,48
tile=1193,224,1248,32,64,16,48
tile=1194,256,1248,32,64,16,48
tile=1195,288,1248,32,64,16,48
tile=1196,320,1248,32,64,16,48
tile=1197,352,1248,32,64,16,48
tile=1198,384,1248,32,64,16,48
tile=1199,416,1248,32,64,16,48
tile=1200,448,1248,32,64,16,48
tile=1201,480,1248,32,64,16,48
tile=1202,512,1248,32,64,16,48
tile=1203,544,1248,32,64,16,48
tile=1204,576,1248,32,64,16,48
tile=1205,608,1248,32,64,16,48
tile=1206,640,1248,32,64,16,48
tile=1207,672,1248,32,64,16,48
tile=1208,704,1248,32,64,16,48
tile=1209,736,1248,32,64,16,48
tile=1210,768,1248,32,64,16,48
tile=1211,800,1248,32,64,16,48
tile=1212,832,1248,32,64,16,48
tile=1213,864,1248,32,64,16,48
tile=1214,896,1248,32,64,16,48
tile=1215,928,1248,32,64,16,48
tile=1216,0,1312,32,64,16,48
tile=1217,32,1312,32,64,16,48
tile=1218,64,1312,32,64,16,48
tile=1219,96,1312,32,64,16,48
tile=1220,128,1312,32,64,16,48
tile=1221,160,1312,32,64,16,48
tile=1222,192,1312,32,64,16,48
tile=1223,224,1312,32,64,16,48
tile=1224,256,1312,32,64,16,48
tile=1225,288,1312,32,64,16,48
tile=1226,320,1312,32,64,16,48
tile=1227,352,1312,32,64,16,48
tile=1228,384,1312,32,64,16,48
tile=1229,416,1312,32,64,16,48
tile=1230,448,1312,32,64,16,48
tile=1231,480,1312,32,64,16,48
tile=1232,512,1312,32,64,16,48
tile=1233,544,1312,32,64,16,48
tile=1234,576,1312,32,64,16,48
tile=1235,608,1312,32,64,16,48
tile=1236,640,1312,32,64,16,48
tile=1237,672,1312,32,64,16,48
tile=1238,704,1312,32,64,16,48
tile=1239,736,1312,32,64,16,48
tile=1240,768,1312,32,64,16,48
tile=1241,800,1312,32,64,16,48
tile=1242,832,1312,32,64,16,48
tile=1243,864,1312,32,64,16,48
tile=1244,896,1312,32,64,16,48
tile=1245,928,1312,32,64,16,48
tile=1246,0,1376,32,64,16,48
tile=1247,32,1376,32,64,16,48
tile=1248,64,1376,32,64,16,48
tile=1249,96,1376,32,64,16,48
tile=1250,128,1376,32,64,16,48
tile=1251,160,1376,32,64,16,48
tile=1252,192,1376,32,64,16,48
tile=1253,224,1376,32,64,16,48
tile=1254,256,1376,32,64,16,48
tile=1255,288,1376,32,64,16,48
tile=1256,320,1376,32,64,16,48
tile=1257,352,1376,32,64,16,48
tile=1258,384,1376,32,64,16,48
tile=1259,416,1376,32,64,16,48
tile=1260,448,1376,32,64,16,48
tile=1261,480,1376,32,64,16,48
tile=1262,512,1376,32,64,16,48
tile=1263,544,1376,32,64,16,48
tile=1264,576,1376,32,64,16,48
tile=1265,608,1376,32,64,16,48
tile=1266,640,1376,32,64,16,48
tile=1267,672,1376,32,64,16,48
tile=1268,704,1376,32,64,16,48
tile=1269,736,1376,32,64,16,48
tile=1270,768,1376,32,64,16,48
tile=1271,800,1376,32,64,16,48
tile=1272,832,1376,32,64,16,48
tile=1273,864,1376,32,64,16,48
tile=1274,896,1376,32,64,16,48
tile=1275,928,1376,32,64,16,48
tile=1276,0,1440,32,64,16,48
tile=1277,32,1440,32,64,16,48
tile=1278,64,1440,32,64,16,48
tile=1279,96,1440,32,64,16,48
tile=1280,128,1440,32,64,16,48
tile=1281,160,1440,32,64,16,48
tile=1282,192,1440,32,64,16,48
tile=1283,224,1440,32,64,16,48
tile=1284,256,1440,32,64,16,48
tile=1285,288,1440,32,64,16,48
tile=1286,320,1440,32,64,16,48
tile=1287,352,1440,32,64,16,48
tile=1288,384,1440,32,64,16,48
tile=1289,416,1440,32,64,16,48
tile=1290,448,1440,32,64,16,48
tile=1291,480,1440,32,64,16,48
tile=1292,512,1440,32,64,16,48
tile=1293,544,1440,32,64,16,48
tile=1294,576,1440,32,64,16,48
tile=1295,608,1440,32,64,16,48
tile=1296,640,1440,32,64,16,48
tile=1297,672,1440,32,64,16,48
tile=1298,704,1440,32,64,16,48
tile=1299,736,1440,32,64,16,48
tile=1300,768,1440,32,64,16,48
tile=1301,800,1440,32,64,16,48
tile=1302,832,1440,32,64,16,48
tile=1303,864,1440,32,64,16,48
tile=1304,896,1440,32,64,16,48
tile=1305,928,1440,32,64,16,48

tile=1306,0,1504,32,96,16,80
tile=1307,32,1504,32,96,16,80
tile=1308,64,1504,32,96,16,80
tile=1309,96,1504,32,96,16,80
tile=1310,128,1504,32,96,16,80
tile=1311,160,1504,32,96,16,80
tile=1312,192,1504,32,96,16,80
tile=1313,224,1504,32,96,16,80
tile=1314,256,1504,32,96,16,80
tile=1315,288,1504,32,96,16,80
tile=1316,320,1504,32,96,16,80
tile=1317,352,1504,32,96,16,80
tile=1318,384,1504,32,96,16,80
tile=1319,416,1504,32,96,16,80
tile=1320,448,1504,32,96,16,80
tile=1321,480,1504,32,96,16,80
tile=1322,512,1504,32,96,16,80
tile=1323,544,1504,32,96,16,80
tile=1324,576,1504,32,96,16,80
tile=1325,608,1504,32,96,16,80
tile=1326,640,1504,32,96,16,80
tile=1327,672,1504,32,96,16,80
tile=1328,704,1504,32,96,16,80
tile=1329,736,1504,32,96,16,80
tile=1330,768,1504,32,96,16,80
tile=1331,800,1504,32,96,16,80
tile=1332,832,1504,32,96,16,80
tile=1333,864,1504,32,96,16,80
tile=1334,896,1504,32,96,16,80
tile=1335,928,1504,32,96,16,80
tile=1336,0,1600,32,96,16,80
tile=1337,32,1600,32,96,16,80
tile=1338,64,1600,32,96,16,80
tile=1339,96,1600,32,96,16,80
tile=1340,128,1600,32,96,16,80
tile=1341,160,1600,32,96,16,80
tile=1342,192,1600,32,96,16,80
tile=1343,224,1600,32,96,16,80
tile=1344,256,1600,32,96,16,80
tile=1345,288,1600,32,96,16,80
tile=1346,320,1600,32,96,16,80
tile=1347,352,1600,32,96,16,80
tile=1348,384,1600,32,96,16,80
tile=1349,416,1600,32,96,16,80
tile=1350,448,1600,32,96,16,80
tile=1351,480,1600,32,96,16,80
tile=1352,512,1600,32,96,16,80
tile=1353,544,1600,32,96,16,80
tile=1354,576,1600,32,96,16,80
tile=1355,608,1600,32,96,16,80
tile=1356,640,1600,32,96,16,80
tile=1357,672,1600,32,96,16,80
tile=1358,704,1600,32,96,16,80
tile=1359,736,1600,32,96,16,80
tile=1360,768,1600,32,96,16,80
tile=1361,800,1600,32,96,16,80
tile=1362,832,1600,32,96,16,80
tile=1363,864,1600,32,96,16,80
tile=1364,896,1600,32,96,16,80
tile=1365,928,1600,32,96,16,80
tile=1366,0,1696,32,96,16,80
tile=1367,32,1696,32,96,16,80
tile=1368,64,1696,32,96,16,80
tile=1369,96,1696,32,96,16,80
tile=1370,128,1696,32,96,16,80
tile=1371,160,1696,32,96,16,80
tile=1372,192,1696,32,96,16,80
tile=1373,224,1696,32,96,16,80
tile=1374,256,1696,32,96,16,80
tile=1375,288,1696,32,96,16,80
tile=1376,320,1696,32,96,16,80
tile=1377,352,1696,32,96,16,80
tile=1378,384,1696,32,96,16,80
tile=1379,416,1696,32,96,16,80
tile=1380,448,1696,32,96,16,80
tile=1381,480,1696,32,96,16,80
tile=1382,512,1696,32,96,16,80
tile=1383,544,1696,32,96,16,80
tile=1384,576,1696,32,96,16,80
tile=1385,608,1696,32,96,16,80
tile=1386,640,1696,32,96,16,80
tile=1387,672,1696,32,96,16,80
tile=1388,704,1696,32,96,16,80
tile=1389,736,1696,32,96,16,80
tile=1390,768,1696,32,96,16,80
tile=1391,800,1696,32,96,16,80
tile=1392,832,1696,32,96,16,80
tile=1393,864,1696,32,96,16,80
tile=1394,896,1696,32,96,16,80
tile=1395,928,1696,32,96,16,80
tile=1396,0,1792,32,96,16,80
tile=1397,32,1792,32,96,16,80
tile=1398,64,1792,32,96,16,80
tile=1399,96,1792,32,96,16,80
tile=1400,128,1792,32,96,16,80
tile=1401,160,1792,32,96,16,80
tile=1402,192,1792,32,96,16,80
tile=1403,224,1792,32,96,16,80
tile=1404,256,1792,32,96,16,80
tile=1405,288,1792,32,96,16,80
tile=1406,320,1792,32,96,16,80
tile=1407,352,1792,32,96,16,80
tile=1408,384,1792,32,96,16,80
tile=1409,416,1792,32,96,16,80
tile=1410,448,1792,32,96,16,80
tile=1411,480,1792,32,96,16,80
tile=1412,512,1792,32,96,16,80
tile=1413,544,1792,32,96,16,80
tile=1414,576,1792,32,96,16,80
tile=1415,608,1792,32,96,16,80
tile=1416,640,1792,32,96,16,80
tile=1417,672,1792,32,96,16,80
tile=1418,704,1792,32,96,16,80
tile=1419,736,1792,32,96,16,80
tile=1420,768,1792,32,96,16,80
tile=1421,800,1792,32,96,16,80
tile=1422,832,1792,32,96,16,80
tile=1423,864,1792,32,96,16,80
tile=1424,896,1792,32,96,16,80
tile=1425,928,1792,32,96,16,80

tile=1426,0,1888,32,128,16,112
tile=1427,32,1888,32,128,16,112
tile=1428,64,1888,32,128,16,112
tile=1429,96,1888,32,128,16,112
tile=1430,128,1888,32,128,16,112
tile=1431,160,1888,32,128,16,112
tile=1432,192,1888,32,128,16,112
tile=1433,224,1888,32,128,16,112
tile=1434,256,1888,32,128,16,112
tile=1435,288,1888,32,128,16,112
tile=1436,320,1888,32,128,16,112
tile=1437,352,1888,32,128,16,112
tile=1438,384,1888,32,128,16,112
tile=1439,416,1888,32,128,16,112
tile=1440,448,1888,32,128,16,112
tile=1441,480,1888,32,128,16,112
tile=1442,512,1888,32,128,16,112
tile=1443,544,1888,32,128,16,112
tile=1444,576,1888,32,128,16,112
tile=1445,608,1888,32,128,16,112
tile=1446,640,1888,32,128,16,112
tile=1447,672,1888,32,128,16,112
tile=1448,704,1888,32,128,16,112
tile=1449,736,1888,32,128,16,112
tile=1450,768,1888,32,128,16,112
tile=1451,800,1888,32,128,16,112
tile=1452,832,1888,32,128,16,112
tile=1453,864,1888,32,128,16,112
tile=1454,896,1888,32,128,16,112
tile=1455,928,1888,32,128,16,112
tile=1456,0,2016,32,128,16,112
tile=1457,32,2016,32,128,16,112
tile=1458,64,2016,32,128,16,112
tile=1459,96,2016,32,128,16,112
tile=1460,128,2016,32,128,16,112
tile=1461,160,2016,32,128,16,112
tile=1462,192,2016,32,128,16,112
tile=1463,224,2016,32,128,16,112
tile=1464,256,2016,32,128,16,112
tile=1465,288,2016,32,128,16,112
tile=1466,320,2016,32,128,16,112
tile=1467,352,2016,32,128,16,112
tile=1468,384,2016,32,128,16,112
tile=1469,416,2016,32,128,16,112
tile=1470,448,2016,32,128,16,112
tile=1471,480,2016,32,128,16,112
tile=1472,512,2016,32,128,16,112
tile=1473,544,2016,32,128,16,112
tile=1474,576,2016,32,128,16,112
tile=1475,608,2016,32,128,16,112
tile=1476,640,2016,32,128,16,112
tile=1477,672,2016,32,128,16,112
tile=1478,704,2016,32,128,16,112
tile=1479,736,2016,32,128,16,112
tile=1480,768,2016,32,128,16,112
tile=1481,800,2016,32,128,16,112
tile=1482,832,2016,32,128,16,112
tile=1483,864,2016,32,128,16,112
tile=1484,896,2016,32,128,16,112
tile=1485,928,2016,32,128,16,112

animation=1291;480,1440,100ms;544,1440,100ms;608,1440,100ms;672,1440,100ms;736,1440,100ms
animation=1292;512,1440,100ms;576,1440,100ms;640,1440,100ms;704,1440,100ms;768,1440,100ms
