
image=images/avatar/hair/male/purpleshorthawk.png

[stance]
frames=1
duration=3
type=back_forth
frame=0,0,0,0,15,8,6,44
frame=0,1,0,0,15,8,6,44
frame=0,2,0,0,15,8,6,44
frame=0,3,0,16,14,15,7,44
frame=0,4,0,8,15,8,9,44
frame=0,5,0,8,15,8,9,44
frame=0,6,0,8,15,8,9,44
frame=0,7,0,31,14,11,7,44

[run]
frames=8
duration=3
type=looped
frame=0,0,0,0,15,8,6,43
frame=0,1,0,0,15,8,6,43
frame=0,2,0,0,15,8,6,43
frame=0,3,0,16,14,15,7,44
frame=0,4,0,8,15,8,9,43
frame=0,5,0,8,15,8,9,43
frame=0,6,0,8,15,8,9,43
frame=0,7,0,31,14,11,7,44
frame=1,0,0,0,15,8,6,44
frame=1,1,0,0,15,8,6,44
frame=1,2,0,0,15,8,6,44
frame=1,3,0,16,14,15,7,44
frame=1,4,0,8,15,8,9,44
frame=1,5,0,8,15,8,9,44
frame=1,6,0,8,15,8,9,44
frame=1,7,0,31,14,11,7,44
frame=2,0,0,0,15,8,6,44
frame=2,1,0,0,15,8,6,44
frame=2,2,0,0,15,8,6,44
frame=2,3,0,16,14,15,7,43
frame=2,4,0,8,15,8,9,44
frame=2,5,0,8,15,8,9,44
frame=2,6,0,8,15,8,9,44
frame=2,7,0,31,14,11,7,43
frame=3,0,0,0,15,8,6,44
frame=3,1,0,0,15,8,6,44
frame=3,2,0,0,15,8,6,44
frame=3,3,0,16,14,15,7,44
frame=3,4,0,8,15,8,9,44
frame=3,5,0,8,15,8,9,44
frame=3,6,0,8,15,8,9,44
frame=3,7,0,31,14,11,7,44
frame=4,0,0,0,15,8,6,43
frame=4,1,0,0,15,8,6,43
frame=4,2,0,0,15,8,6,43
frame=4,3,0,16,14,15,7,44
frame=4,4,0,8,15,8,9,43
frame=4,5,0,8,15,8,9,43
frame=4,6,0,8,15,8,9,43
frame=4,7,0,31,14,11,7,44
frame=5,0,0,0,15,8,6,44
frame=5,1,0,0,15,8,6,44
frame=5,2,0,0,15,8,6,44
frame=5,3,0,16,14,15,7,44
frame=5,4,0,8,15,8,9,44
frame=5,5,0,8,15,8,9,44
frame=5,6,0,8,15,8,9,44
frame=5,7,0,31,14,11,7,44
frame=6,0,0,0,15,8,6,44
frame=6,1,0,0,15,8,6,44
frame=6,2,0,0,15,8,6,44
frame=6,3,0,16,14,15,7,43
frame=6,4,0,8,15,8,9,44
frame=6,5,0,8,15,8,9,44
frame=6,6,0,8,15,8,9,44
frame=6,7,0,31,14,11,7,43
frame=7,0,0,0,15,8,6,44
frame=7,1,0,0,15,8,6,44
frame=7,2,0,0,15,8,6,44
frame=7,3,0,16,14,15,7,44
frame=7,4,0,8,15,8,9,44
frame=7,5,0,8,15,8,9,44
frame=7,6,0,8,15,8,9,44
frame=7,7,0,31,14,11,7,44

[ranged]
frames=5
duration=3
type=play_once
frame=0,0,0,0,15,8,5,44
frame=0,1,0,0,15,8,5,44
frame=0,2,0,0,15,8,5,44
frame=0,3,0,16,14,15,8,43
frame=0,4,0,8,15,8,10,44
frame=0,5,0,8,15,8,10,44
frame=0,6,0,8,15,8,10,44
frame=0,7,0,31,14,11,8,44
frame=1,0,0,0,15,8,5,44
frame=1,1,0,0,15,8,5,44
frame=1,2,0,0,15,8,5,44
frame=1,3,0,16,14,15,8,43
frame=1,4,0,8,15,8,10,44
frame=1,5,0,8,15,8,10,44
frame=1,6,0,8,15,8,10,44
frame=1,7,0,31,14,11,8,44
frame=2,0,0,0,15,8,5,44
frame=2,1,0,0,15,8,5,44
frame=2,2,0,0,15,8,5,44
frame=2,3,0,16,14,15,8,43
frame=2,4,0,8,15,8,10,44
frame=2,5,0,8,15,8,10,44
frame=2,6,0,8,15,8,10,44
frame=2,7,0,31,14,11,8,44
frame=3,0,0,0,15,8,5,44
frame=3,1,0,0,15,8,5,44
frame=3,2,0,0,15,8,5,44
frame=3,3,0,16,14,15,8,43
frame=3,4,0,8,15,8,10,44
frame=3,5,0,8,15,8,10,44
frame=3,6,0,8,15,8,10,44
frame=3,7,0,31,14,11,8,44
frame=4,0,0,0,15,8,5,44
frame=4,1,0,0,15,8,5,44
frame=4,2,0,0,15,8,5,44
frame=4,3,0,16,14,15,8,43
frame=4,4,0,8,15,8,10,44
frame=4,5,0,8,15,8,10,44
frame=4,6,0,8,15,8,10,44
frame=4,7,0,31,14,11,8,44

[ment]
frames=7
duration=3
type=play_once
frame=0,0,0,0,15,8,6,44
frame=0,1,0,0,15,8,6,44
frame=0,2,0,0,15,8,6,44
frame=0,3,0,16,14,15,7,43
frame=0,4,0,8,15,8,9,44
frame=0,5,0,8,15,8,9,44
frame=0,6,0,8,15,8,9,44
frame=0,7,0,31,14,11,7,44
frame=1,0,0,0,15,8,6,44
frame=1,1,0,0,15,8,6,44
frame=1,2,0,0,15,8,6,44
frame=1,3,0,16,14,15,7,43
frame=1,4,0,8,15,8,9,44
frame=1,5,0,8,15,8,9,44
frame=1,6,0,8,15,8,9,44
frame=1,7,0,31,14,11,7,44
frame=2,0,0,0,15,8,6,44
frame=2,1,0,0,15,8,6,44
frame=2,2,0,0,15,8,6,44
frame=2,3,0,16,14,15,7,43
frame=2,4,0,8,15,8,9,44
frame=2,5,0,8,15,8,9,44
frame=2,6,0,8,15,8,9,44
frame=2,7,0,31,14,11,7,44
frame=3,0,0,0,15,8,6,44
frame=3,1,0,0,15,8,6,44
frame=3,2,0,0,15,8,6,44
frame=3,3,0,16,14,15,7,43
frame=3,4,0,8,15,8,9,44
frame=3,5,0,8,15,8,9,44
frame=3,6,0,8,15,8,9,44
frame=3,7,0,31,14,11,7,44
frame=4,0,0,0,15,8,6,44
frame=4,1,0,0,15,8,6,44
frame=4,2,0,0,15,8,6,44
frame=4,3,0,16,14,15,7,43
frame=4,4,0,8,15,8,9,44
frame=4,5,0,8,15,8,9,44
frame=4,6,0,8,15,8,9,44
frame=4,7,0,31,14,11,7,44
frame=5,0,0,0,15,8,6,44
frame=5,1,0,0,15,8,6,44
frame=5,2,0,0,15,8,6,44
frame=5,3,0,16,14,15,7,43
frame=5,4,0,8,15,8,9,44
frame=5,5,0,8,15,8,9,44
frame=5,6,0,8,15,8,9,44
frame=5,7,0,31,14,11,7,44
frame=6,0,0,0,15,8,6,44
frame=6,1,0,0,15,8,6,44
frame=6,2,0,0,15,8,6,44
frame=6,3,0,16,14,15,7,43
frame=6,4,0,8,15,8,9,44
frame=6,5,0,8,15,8,9,44
frame=6,6,0,8,15,8,9,44
frame=6,7,0,31,14,11,7,44

[die]
frames=6
duration=3
type=play_once
frame=0,0,0,0,15,8,5,44
frame=0,1,0,0,15,8,5,44
frame=0,2,0,0,15,8,5,44
frame=0,3,0,16,14,15,8,43
frame=0,4,0,8,15,8,10,44
frame=0,5,0,8,15,8,10,44
frame=0,6,0,8,15,8,10,44
frame=0,7,0,31,14,11,8,44
frame=1,0,0,0,15,8,5,44
frame=1,1,0,0,15,8,5,44
frame=1,2,0,0,15,8,5,44
frame=1,3,0,16,14,15,8,43
frame=1,4,0,8,15,8,10,44
frame=1,5,0,8,15,8,10,44
frame=1,6,0,8,15,8,10,44
frame=1,7,0,31,14,11,8,44
frame=2,0,0,0,15,8,5,44
frame=2,1,0,0,15,8,5,44
frame=2,2,0,0,15,8,5,44
frame=2,3,0,16,14,15,8,43
frame=2,4,0,8,15,8,10,44
frame=2,5,0,8,15,8,10,44
frame=2,6,0,8,15,8,10,44
frame=2,7,0,31,14,11,8,44
frame=3,0,0,0,15,8,5,44
frame=3,1,0,0,15,8,5,44
frame=3,2,0,0,15,8,5,44
frame=3,3,0,16,14,15,8,43
frame=3,4,0,8,15,8,10,44
frame=3,5,0,8,15,8,10,44
frame=3,6,0,8,15,8,10,44
frame=3,7,0,31,14,11,8,44
frame=4,0,0,0,15,8,5,44
frame=4,1,0,0,15,8,5,44
frame=4,2,0,0,15,8,5,44
frame=4,3,0,16,14,15,8,43
frame=4,4,0,8,15,8,10,44
frame=4,5,0,8,15,8,10,44
frame=4,6,0,8,15,8,10,44
frame=4,7,0,31,14,11,8,44
frame=5,0,0,0,15,8,6,44
frame=5,1,0,0,15,8,6,44
frame=5,2,0,0,15,8,6,44
frame=5,3,0,16,14,15,7,43
frame=5,4,0,8,15,8,9,44
frame=5,5,0,8,15,8,9,44
frame=5,6,0,8,15,8,9,44
frame=5,7,0,31,14,11,7,44

[melee]
frames=6
duration=3
type=play_once
frame=0,0,0,0,15,8,6,44
frame=0,1,0,0,15,8,6,44
frame=0,2,0,0,15,8,6,44
frame=0,3,0,16,14,15,7,43
frame=0,4,0,8,15,8,9,44
frame=0,5,0,8,15,8,9,44
frame=0,6,0,8,15,8,9,44
frame=0,7,0,31,14,11,7,44
frame=1,0,0,0,15,8,8,42
frame=1,1,0,0,15,8,8,42
frame=1,2,0,0,15,8,8,42
frame=1,3,0,16,14,15,7,42
frame=1,4,0,8,15,8,7,42
frame=1,5,0,8,15,8,7,42
frame=1,6,0,8,15,8,7,42
frame=1,7,0,31,14,11,7,44
frame=2,0,0,0,15,8,8,44
frame=2,1,0,0,15,8,8,44
frame=2,2,0,0,15,8,8,44
frame=2,3,0,16,14,15,8,42
frame=2,4,0,8,15,8,7,44
frame=2,5,0,8,15,8,7,44
frame=2,6,0,8,15,8,7,44
frame=2,7,0,31,14,11,8,42
frame=3,0,0,0,15,8,9,44
frame=3,1,0,0,15,8,9,44
frame=3,2,0,0,15,8,9,44
frame=3,3,0,16,14,15,6,43
frame=3,4,0,8,15,8,6,44
frame=3,5,0,8,15,8,6,44
frame=3,6,0,8,15,8,6,44
frame=3,7,0,31,14,11,5,43
frame=4,0,0,0,15,8,10,44
frame=4,1,0,0,15,8,10,44
frame=4,2,0,0,15,8,10,44
frame=4,3,0,16,14,15,5,43
frame=4,4,0,8,15,8,5,44
frame=4,5,0,8,15,8,5,44
frame=4,6,0,8,15,8,5,44
frame=4,7,0,31,14,11,4,44
frame=5,0,0,0,15,8,10,44
frame=5,1,0,0,15,8,10,44
frame=5,2,0,0,15,8,10,44
frame=5,3,0,16,14,15,5,43
frame=5,4,0,8,15,8,5,44
frame=5,5,0,8,15,8,5,44
frame=5,6,0,8,15,8,5,44
frame=5,7,0,31,14,11,4,44

[thrust]
frames=8
duration=3
type=play_once
frame=0,0,0,0,15,8,6,44
frame=0,1,0,0,15,8,6,44
frame=0,2,0,0,15,8,6,44
frame=0,3,0,16,14,15,7,43
frame=0,4,0,8,15,8,9,44
frame=0,5,0,8,15,8,9,44
frame=0,6,0,8,15,8,9,44
frame=0,7,0,31,14,11,7,44
frame=1,0,0,0,15,8,6,44
frame=1,1,0,0,15,8,6,44
frame=1,2,0,0,15,8,6,44
frame=1,3,0,16,14,15,7,42
frame=1,4,0,8,15,8,9,44
frame=1,5,0,8,15,8,9,44
frame=1,6,0,8,15,8,9,44
frame=1,7,0,31,14,11,7,44
frame=2,0,0,0,15,8,6,44
frame=2,1,0,0,15,8,6,44
frame=2,2,0,0,15,8,6,44
frame=2,3,0,16,14,15,6,43
frame=2,4,0,8,15,8,9,44
frame=2,5,0,8,15,8,9,44
frame=2,6,0,8,15,8,9,44
frame=2,7,0,31,14,11,7,44
frame=3,0,0,0,15,8,6,44
frame=3,1,0,0,15,8,6,44
frame=3,2,0,0,15,8,6,44
frame=3,3,0,16,14,15,6,43
frame=3,4,0,8,15,8,9,44
frame=3,5,0,8,15,8,9,44
frame=3,6,0,8,15,8,9,44
frame=3,7,0,31,14,11,7,44
frame=4,0,0,0,15,8,8,44
frame=4,1,0,0,15,8,8,44
frame=4,2,0,0,15,8,8,44
frame=4,3,0,16,14,15,5,42
frame=4,4,0,8,15,8,7,44
frame=4,5,0,8,15,8,7,44
frame=4,6,0,8,15,8,7,44
frame=4,7,0,31,14,11,7,43
frame=5,0,0,0,15,8,8,44
frame=5,1,0,0,15,8,8,44
frame=5,2,0,0,15,8,8,44
frame=5,3,0,16,14,15,5,42
frame=5,4,0,8,15,8,7,44
frame=5,5,0,8,15,8,7,44
frame=5,6,0,8,15,8,7,44
frame=5,7,0,31,14,11,7,43
frame=6,0,0,0,15,8,8,44
frame=6,1,0,0,15,8,8,44
frame=6,2,0,0,15,8,8,44
frame=6,3,0,16,14,15,5,42
frame=6,4,0,8,15,8,7,44
frame=6,5,0,8,15,8,7,44
frame=6,6,0,8,15,8,7,44
frame=6,7,0,31,14,11,7,43
frame=7,0,0,0,15,8,6,44
frame=7,1,0,0,15,8,6,44
frame=7,2,0,0,15,8,6,44
frame=7,3,0,16,14,15,6,43
frame=7,4,0,8,15,8,9,44
frame=7,5,0,8,15,8,9,44
frame=7,6,0,8,15,8,9,44
frame=7,7,0,31,14,11,7,44

[hit]
frames=3
duration=1
type=back_forth
frame=0,0,0,0,15,8,5,44
frame=0,1,0,0,15,8,5,44
frame=0,2,0,0,15,8,5,44
frame=0,3,0,16,14,15,8,43
frame=0,4,0,8,15,8,10,44
frame=0,5,0,8,15,8,10,44
frame=0,6,0,8,15,8,10,44
frame=0,7,0,31,14,11,8,44
frame=1,0,0,0,15,8,5,44
frame=1,1,0,0,15,8,5,44
frame=1,2,0,0,15,8,5,44
frame=1,3,0,16,14,15,8,43
frame=1,4,0,8,15,8,10,44
frame=1,5,0,8,15,8,10,44
frame=1,6,0,8,15,8,10,44
frame=1,7,0,31,14,11,8,44
frame=2,0,0,0,15,8,5,44
frame=2,1,0,0,15,8,5,44
frame=2,2,0,0,15,8,5,44
frame=2,3,0,16,14,15,8,43
frame=2,4,0,8,15,8,10,44
frame=2,5,0,8,15,8,10,44
frame=2,6,0,8,15,8,10,44
frame=2,7,0,31,14,11,8,44

[block]
frames=2
duration=3
type=play_once
frame=0,0,0,0,15,8,5,44
frame=0,1,0,0,15,8,5,44
frame=0,2,0,0,15,8,5,44
frame=0,3,0,16,14,15,8,43
frame=0,4,0,8,15,8,10,44
frame=0,5,0,8,15,8,10,44
frame=0,6,0,8,15,8,10,44
frame=0,7,0,31,14,11,8,44
frame=1,0,0,0,15,8,5,44
frame=1,1,0,0,15,8,5,44
frame=1,2,0,0,15,8,5,44
frame=1,3,0,16,14,15,8,43
frame=1,4,0,8,15,8,10,44
frame=1,5,0,8,15,8,10,44
frame=1,6,0,8,15,8,10,44
frame=1,7,0,31,14,11,8,44
