
image=images/avatar/male/head_long.png

[stance]
frames=1
duration=3
type=back_forth
frame=0,0,0,0,16,12,9,47
frame=0,1,0,0,16,12,9,47
frame=0,2,0,0,16,12,9,47
frame=0,3,10,24,6,16,3,48
frame=0,4,0,12,16,12,7,47
frame=0,5,0,12,16,12,7,47
frame=0,6,0,12,16,12,7,47
frame=0,7,0,24,10,15,5,49

[run]
frames=8
duration=3
type=looped
frame=0,0,0,0,16,12,9,46
frame=0,1,0,0,16,12,9,46
frame=0,2,0,0,16,12,9,46
frame=0,3,10,24,6,16,3,48
frame=0,4,0,12,16,12,7,46
frame=0,5,0,12,16,12,7,46
frame=0,6,0,12,16,12,7,46
frame=0,7,0,24,10,15,5,49
frame=1,0,0,0,16,12,9,47
frame=1,1,0,0,16,12,9,47
frame=1,2,0,0,16,12,9,47
frame=1,3,10,24,6,16,3,48
frame=1,4,0,12,16,12,7,47
frame=1,5,0,12,16,12,7,47
frame=1,6,0,12,16,12,7,47
frame=1,7,0,24,10,15,5,49
frame=2,0,0,0,16,12,9,47
frame=2,1,0,0,16,12,9,47
frame=2,2,0,0,16,12,9,47
frame=2,3,10,24,6,16,3,47
frame=2,4,0,12,16,12,7,47
frame=2,5,0,12,16,12,7,47
frame=2,6,0,12,16,12,7,47
frame=2,7,0,24,10,15,5,48
frame=3,0,0,0,16,12,9,47
frame=3,1,0,0,16,12,9,47
frame=3,2,0,0,16,12,9,47
frame=3,3,10,24,6,16,3,48
frame=3,4,0,12,16,12,7,47
frame=3,5,0,12,16,12,7,47
frame=3,6,0,12,16,12,7,47
frame=3,7,0,24,10,15,5,49
frame=4,0,0,0,16,12,9,46
frame=4,1,0,0,16,12,9,46
frame=4,2,0,0,16,12,9,46
frame=4,3,10,24,6,16,3,48
frame=4,4,0,12,16,12,7,46
frame=4,5,0,12,16,12,7,46
frame=4,6,0,12,16,12,7,46
frame=4,7,0,24,10,15,5,49
frame=5,0,0,0,16,12,9,47
frame=5,1,0,0,16,12,9,47
frame=5,2,0,0,16,12,9,47
frame=5,3,10,24,6,16,3,48
frame=5,4,0,12,16,12,7,47
frame=5,5,0,12,16,12,7,47
frame=5,6,0,12,16,12,7,47
frame=5,7,0,24,10,15,5,49
frame=6,0,0,0,16,12,9,47
frame=6,1,0,0,16,12,9,47
frame=6,2,0,0,16,12,9,47
frame=6,3,10,24,6,16,3,47
frame=6,4,0,12,16,12,7,47
frame=6,5,0,12,16,12,7,47
frame=6,6,0,12,16,12,7,47
frame=6,7,0,24,10,15,5,48
frame=7,0,0,0,16,12,9,47
frame=7,1,0,0,16,12,9,47
frame=7,2,0,0,16,12,9,47
frame=7,3,10,24,6,16,3,48
frame=7,4,0,12,16,12,7,47
frame=7,5,0,12,16,12,7,47
frame=7,6,0,12,16,12,7,47
frame=7,7,0,24,10,15,5,49

[ranged]
frames=5
duration=3
type=play_once
frame=0,0,0,0,16,12,8,47
frame=0,1,0,0,16,12,8,47
frame=0,2,0,0,16,12,8,47
frame=0,3,10,24,6,16,4,47
frame=0,4,0,12,16,12,8,47
frame=0,5,0,12,16,12,8,47
frame=0,6,0,12,16,12,8,47
frame=0,7,0,24,10,15,6,49
frame=1,0,0,0,16,12,8,47
frame=1,1,0,0,16,12,8,47
frame=1,2,0,0,16,12,8,47
frame=1,3,10,24,6,16,4,47
frame=1,4,0,12,16,12,8,47
frame=1,5,0,12,16,12,8,47
frame=1,6,0,12,16,12,8,47
frame=1,7,0,24,10,15,6,49
frame=2,0,0,0,16,12,8,47
frame=2,1,0,0,16,12,8,47
frame=2,2,0,0,16,12,8,47
frame=2,3,10,24,6,16,4,46
frame=2,4,0,12,16,12,8,47
frame=2,5,0,12,16,12,8,47
frame=2,6,0,12,16,12,8,47
frame=2,7,0,24,10,15,6,49
frame=3,0,0,0,16,12,8,47
frame=3,1,0,0,16,12,8,47
frame=3,2,0,0,16,12,8,47
frame=3,3,10,24,6,16,4,47
frame=3,4,0,12,16,12,8,47
frame=3,5,0,12,16,12,8,47
frame=3,6,0,12,16,12,8,47
frame=3,7,0,24,10,15,6,49
frame=4,0,0,0,16,12,8,47
frame=4,1,0,0,16,12,8,47
frame=4,2,0,0,16,12,8,47
frame=4,3,10,24,6,16,4,47
frame=4,4,0,12,16,12,8,47
frame=4,5,0,12,16,12,8,47
frame=4,6,0,12,16,12,8,47
frame=4,7,0,24,10,15,6,49

[ment]
frames=7
duration=3
type=play_once
frame=0,0,0,0,16,12,9,47
frame=0,1,0,0,16,12,9,47
frame=0,2,0,0,16,12,9,47
frame=0,3,10,24,6,16,3,47
frame=0,4,0,12,16,12,7,47
frame=0,5,0,12,16,12,7,47
frame=0,6,0,12,16,12,7,47
frame=0,7,0,24,10,15,5,49
frame=1,0,0,0,16,12,9,47
frame=1,1,0,0,16,12,9,47
frame=1,2,0,0,16,12,9,47
frame=1,3,10,24,6,16,3,47
frame=1,4,0,12,16,12,7,47
frame=1,5,0,12,16,12,7,47
frame=1,6,0,12,16,12,7,47
frame=1,7,0,24,10,15,5,49
frame=2,0,0,0,16,12,9,47
frame=2,1,0,0,16,12,9,47
frame=2,2,0,0,16,12,9,47
frame=2,3,10,24,6,16,3,47
frame=2,4,0,12,16,12,7,47
frame=2,5,0,12,16,12,7,47
frame=2,6,0,12,16,12,7,47
frame=2,7,0,24,10,15,5,49
frame=3,0,0,0,16,12,9,47
frame=3,1,0,0,16,12,9,47
frame=3,2,0,0,16,12,9,47
frame=3,3,10,24,6,16,3,47
frame=3,4,0,12,16,12,7,47
frame=3,5,0,12,16,12,7,47
frame=3,6,0,12,16,12,7,47
frame=3,7,0,24,10,15,5,49
frame=4,0,0,0,16,12,9,47
frame=4,1,0,0,16,12,9,47
frame=4,2,0,0,16,12,9,47
frame=4,3,10,24,6,16,3,47
frame=4,4,0,12,16,12,7,47
frame=4,5,0,12,16,12,7,47
frame=4,6,0,12,16,12,7,47
frame=4,7,0,24,10,15,5,49
frame=5,0,0,0,16,12,9,47
frame=5,1,0,0,16,12,9,47
frame=5,2,0,0,16,12,9,47
frame=5,3,10,24,6,16,3,47
frame=5,4,0,12,16,12,7,47
frame=5,5,0,12,16,12,7,47
frame=5,6,0,12,16,12,7,47
frame=5,7,0,24,10,15,5,49
frame=6,0,0,0,16,12,9,47
frame=6,1,0,0,16,12,9,47
frame=6,2,0,0,16,12,9,47
frame=6,3,10,24,6,16,3,47
frame=6,4,0,12,16,12,7,47
frame=6,5,0,12,16,12,7,47
frame=6,6,0,12,16,12,7,47
frame=6,7,0,24,10,15,5,49

[die]
frames=6
duration=3
type=play_once
frame=0,0,0,0,16,12,8,47
frame=0,1,0,0,16,12,8,47
frame=0,2,0,0,16,12,8,47
frame=0,3,10,24,6,16,4,47
frame=0,4,0,12,16,12,8,47
frame=0,5,0,12,16,12,8,47
frame=0,6,0,12,16,12,8,47
frame=0,7,0,24,10,15,6,49
frame=1,0,0,0,16,12,8,47
frame=1,1,0,0,16,12,8,47
frame=1,2,0,0,16,12,8,47
frame=1,3,10,24,6,16,4,47
frame=1,4,0,12,16,12,8,47
frame=1,5,0,12,16,12,8,47
frame=1,6,0,12,16,12,8,47
frame=1,7,0,24,10,15,6,49
frame=2,0,0,0,16,12,8,47
frame=2,1,0,0,16,12,8,47
frame=2,2,0,0,16,12,8,47
frame=2,3,10,24,6,16,4,46
frame=2,4,0,12,16,12,8,47
frame=2,5,0,12,16,12,8,47
frame=2,6,0,12,16,12,8,47
frame=2,7,0,24,10,15,6,49
frame=3,0,0,0,16,12,8,47
frame=3,1,0,0,16,12,8,47
frame=3,2,0,0,16,12,8,47
frame=3,3,10,24,6,16,4,47
frame=3,4,0,12,16,12,8,47
frame=3,5,0,12,16,12,8,47
frame=3,6,0,12,16,12,8,47
frame=3,7,0,24,10,15,6,49
frame=4,0,0,0,16,12,8,47
frame=4,1,0,0,16,12,8,47
frame=4,2,0,0,16,12,8,47
frame=4,3,10,24,6,16,4,47
frame=4,4,0,12,16,12,8,47
frame=4,5,0,12,16,12,8,47
frame=4,6,0,12,16,12,8,47
frame=4,7,0,24,10,15,6,49
frame=5,0,0,0,16,12,9,47
frame=5,1,0,0,16,12,9,47
frame=5,2,0,0,16,12,9,47
frame=5,3,10,24,6,16,3,47
frame=5,4,0,12,16,12,7,47
frame=5,5,0,12,16,12,7,47
frame=5,6,0,12,16,12,7,47
frame=5,7,0,24,10,15,5,49

[melee]
frames=6
duration=3
type=play_once
frame=0,0,0,0,16,12,9,47
frame=0,1,0,0,16,12,9,47
frame=0,2,0,0,16,12,9,47
frame=0,3,10,24,6,16,3,47
frame=0,4,0,12,16,12,7,47
frame=0,5,0,12,16,12,7,47
frame=0,6,0,12,16,12,7,47
frame=0,7,0,24,10,15,5,49
frame=1,0,0,0,16,12,11,45
frame=1,1,0,0,16,12,11,45
frame=1,2,0,0,16,12,11,45
frame=1,3,10,24,6,16,3,46
frame=1,4,0,12,16,12,5,45
frame=1,5,0,12,16,12,5,45
frame=1,6,0,12,16,12,5,45
frame=1,7,0,24,10,15,5,49
frame=2,0,0,0,16,12,11,47
frame=2,1,0,0,16,12,11,47
frame=2,2,0,0,16,12,11,47
frame=2,3,10,24,6,16,4,46
frame=2,4,0,12,16,12,5,47
frame=2,5,0,12,16,12,5,47
frame=2,6,0,12,16,12,5,47
frame=2,7,0,24,10,15,6,47
frame=3,0,0,0,16,12,12,47
frame=3,1,0,0,16,12,12,47
frame=3,2,0,0,16,12,12,47
frame=3,3,10,24,6,16,2,47
frame=3,4,0,12,16,12,4,47
frame=3,5,0,12,16,12,4,47
frame=3,6,0,12,16,12,4,47
frame=3,7,0,24,10,15,3,48
frame=4,0,0,0,16,12,13,47
frame=4,1,0,0,16,12,13,47
frame=4,2,0,0,16,12,13,47
frame=4,3,10,24,6,16,1,47
frame=4,4,0,12,16,12,3,47
frame=4,5,0,12,16,12,3,47
frame=4,6,0,12,16,12,3,47
frame=4,7,0,24,10,15,2,49
frame=5,0,0,0,16,12,13,47
frame=5,1,0,0,16,12,13,47
frame=5,2,0,0,16,12,13,47
frame=5,3,10,24,6,16,1,47
frame=5,4,0,12,16,12,3,47
frame=5,5,0,12,16,12,3,47
frame=5,6,0,12,16,12,3,47
frame=5,7,0,24,10,15,2,49

[thrust]
frames=8
duration=3
type=play_once
frame=0,0,0,0,16,12,9,47
frame=0,1,0,0,16,12,9,47
frame=0,2,0,0,16,12,9,47
frame=0,3,10,24,6,16,3,47
frame=0,4,0,12,16,12,7,47
frame=0,5,0,12,16,12,7,47
frame=0,6,0,12,16,12,7,47
frame=0,7,0,24,10,15,5,49
frame=1,0,0,0,16,12,9,47
frame=1,1,0,0,16,12,9,47
frame=1,2,0,0,16,12,9,47
frame=1,3,10,24,6,16,3,46
frame=1,4,0,12,16,12,7,47
frame=1,5,0,12,16,12,7,47
frame=1,6,0,12,16,12,7,47
frame=1,7,0,24,10,15,5,49
frame=2,0,0,0,16,12,9,47
frame=2,1,0,0,16,12,9,47
frame=2,2,0,0,16,12,9,47
frame=2,3,10,24,6,16,2,47
frame=2,4,0,12,16,12,7,47
frame=2,5,0,12,16,12,7,47
frame=2,6,0,12,16,12,7,47
frame=2,7,0,24,10,15,5,49
frame=3,0,0,0,16,12,9,47
frame=3,1,0,0,16,12,9,47
frame=3,2,0,0,16,12,9,47
frame=3,3,10,24,6,16,2,47
frame=3,4,0,12,16,12,7,47
frame=3,5,0,12,16,12,7,47
frame=3,6,0,12,16,12,7,47
frame=3,7,0,24,10,15,5,49
frame=4,0,0,0,16,12,11,47
frame=4,1,0,0,16,12,11,47
frame=4,2,0,0,16,12,11,47
frame=4,3,10,24,6,16,1,46
frame=4,4,0,12,16,12,5,47
frame=4,5,0,12,16,12,5,47
frame=4,6,0,12,16,12,5,47
frame=4,7,0,24,10,15,5,48
frame=5,0,0,0,16,12,11,47
frame=5,1,0,0,16,12,11,47
frame=5,2,0,0,16,12,11,47
frame=5,3,10,24,6,16,1,46
frame=5,4,0,12,16,12,5,47
frame=5,5,0,12,16,12,5,47
frame=5,6,0,12,16,12,5,47
frame=5,7,0,24,10,15,5,48
frame=6,0,0,0,16,12,11,47
frame=6,1,0,0,16,12,11,47
frame=6,2,0,0,16,12,11,47
frame=6,3,10,24,6,16,1,46
frame=6,4,0,12,16,12,5,47
frame=6,5,0,12,16,12,5,47
frame=6,6,0,12,16,12,5,47
frame=6,7,0,24,10,15,5,48
frame=7,0,0,0,16,12,9,47
frame=7,1,0,0,16,12,9,47
frame=7,2,0,0,16,12,9,47
frame=7,3,10,24,6,16,2,47
frame=7,4,0,12,16,12,7,47
frame=7,5,0,12,16,12,7,47
frame=7,6,0,12,16,12,7,47
frame=7,7,0,24,10,15,5,49

[hit]
frames=3
duration=1
type=back_forth
frame=0,0,0,0,16,12,8,47
frame=0,1,0,0,16,12,8,47
frame=0,2,0,0,16,12,8,47
frame=0,3,10,24,6,16,4,47
frame=0,4,0,12,16,12,8,47
frame=0,5,0,12,16,12,8,47
frame=0,6,0,12,16,12,8,47
frame=0,7,0,24,10,15,6,49
frame=1,0,0,0,16,12,8,47
frame=1,1,0,0,16,12,8,47
frame=1,2,0,0,16,12,8,47
frame=1,3,10,24,6,16,4,47
frame=1,4,0,12,16,12,8,47
frame=1,5,0,12,16,12,8,47
frame=1,6,0,12,16,12,8,47
frame=1,7,0,24,10,15,6,49
frame=2,0,0,0,16,12,8,47
frame=2,1,0,0,16,12,8,47
frame=2,2,0,0,16,12,8,47
frame=2,3,10,24,6,16,4,46
frame=2,4,0,12,16,12,8,47
frame=2,5,0,12,16,12,8,47
frame=2,6,0,12,16,12,8,47
frame=2,7,0,24,10,15,6,49

[block]
frames=2
duration=3
type=play_once
frame=0,0,0,0,16,12,8,47
frame=0,1,0,0,16,12,8,47
frame=0,2,0,0,16,12,8,47
frame=0,3,10,24,6,16,4,47
frame=0,4,0,12,16,12,8,47
frame=0,5,0,12,16,12,8,47
frame=0,6,0,12,16,12,8,47
frame=0,7,0,24,10,15,6,49
frame=1,0,0,0,16,12,8,47
frame=1,1,0,0,16,12,8,47
frame=1,2,0,0,16,12,8,47
frame=1,3,10,24,6,16,4,47
frame=1,4,0,12,16,12,8,47
frame=1,5,0,12,16,12,8,47
frame=1,6,0,12,16,12,8,47
frame=1,7,0,24,10,15,6,49
