
image=images/avatar/hair/male/brownlonghawk.png

[stance]
frames=1
duration=3
type=back_forth
frame=0,0,42,0,16,9,11,44
frame=0,1,42,0,16,9,11,44
frame=0,2,42,0,16,9,11,44
frame=0,3,16,0,13,18,12,44
frame=0,4,42,9,16,9,5,44
frame=0,5,42,9,16,9,5,44
frame=0,6,42,9,16,9,5,44
frame=0,7,0,0,16,18,3,43

[run]
frames=8
duration=3
type=looped
frame=0,0,42,0,16,9,11,43
frame=0,1,42,0,16,9,11,43
frame=0,2,42,0,16,9,11,43
frame=0,3,16,0,13,18,12,44
frame=0,4,42,9,16,9,5,44
frame=0,5,42,9,16,9,5,44
frame=0,6,42,9,16,9,5,44
frame=0,7,0,0,16,18,3,43
frame=1,0,42,0,16,9,11,44
frame=1,1,42,0,16,9,11,44
frame=1,2,42,0,16,9,11,44
frame=1,3,16,0,13,18,12,44
frame=1,4,42,9,16,9,5,44
frame=1,5,42,9,16,9,5,44
frame=1,6,42,9,16,9,5,44
frame=1,7,0,0,16,18,3,43
frame=2,0,42,0,16,9,11,44
frame=2,1,42,0,16,9,11,44
frame=2,2,42,0,16,9,11,44
frame=2,3,16,0,13,18,12,43
frame=2,4,42,9,16,9,5,44
frame=2,5,42,9,16,9,5,44
frame=2,6,42,9,16,9,5,44
frame=2,7,0,0,16,18,3,42
frame=3,0,42,0,16,9,11,44
frame=3,1,42,0,16,9,11,44
frame=3,2,42,0,16,9,11,44
frame=3,3,16,0,13,18,12,44
frame=3,4,42,9,16,9,5,44
frame=3,5,42,9,16,9,5,44
frame=3,6,42,9,16,9,5,44
frame=3,7,0,0,16,18,3,43
frame=4,0,42,0,16,9,11,43
frame=4,1,42,0,16,9,11,43
frame=4,2,42,0,16,9,11,43
frame=4,3,16,0,13,18,12,44
frame=4,4,42,9,16,9,5,43
frame=4,5,42,9,16,9,5,43
frame=4,6,42,9,16,9,5,43
frame=4,7,0,0,16,18,3,43
frame=5,0,42,0,16,9,11,44
frame=5,1,42,0,16,9,11,44
frame=5,2,42,0,16,9,11,44
frame=5,3,16,0,13,18,12,44
frame=5,4,42,9,16,9,5,44
frame=5,5,42,9,16,9,5,44
frame=5,6,42,9,16,9,5,44
frame=5,7,0,0,16,18,3,43
frame=6,0,42,0,16,9,11,44
frame=6,1,42,0,16,9,11,44
frame=6,2,42,0,16,9,11,44
frame=6,3,16,0,13,18,12,43
frame=6,4,42,9,16,9,5,44
frame=6,5,42,9,16,9,5,44
frame=6,6,42,9,16,9,5,44
frame=6,7,0,0,16,18,3,42
frame=7,0,42,0,16,9,11,44
frame=7,1,42,0,16,9,11,44
frame=7,2,42,0,16,9,11,44
frame=7,3,16,0,13,18,12,44
frame=7,4,42,9,16,9,5,44
frame=7,5,42,9,16,9,5,44
frame=7,6,42,9,16,9,5,44
frame=7,7,0,0,16,18,3,43

[ranged]
frames=5
duration=3
type=play_once
frame=0,0,42,0,16,9,10,44
frame=0,1,42,0,16,9,10,44
frame=0,2,42,0,16,9,10,44
frame=0,3,16,0,13,18,13,43
frame=0,4,42,9,16,9,6,44
frame=0,5,42,9,16,9,6,44
frame=0,6,42,9,16,9,6,44
frame=0,7,0,0,16,18,4,43
frame=1,0,42,0,16,9,10,44
frame=1,1,42,0,16,9,10,44
frame=1,2,42,0,16,9,10,44
frame=1,3,16,0,13,18,13,43
frame=1,4,42,9,16,9,6,44
frame=1,5,42,9,16,9,6,44
frame=1,6,42,9,16,9,6,44
frame=1,7,0,0,16,18,4,43
frame=2,0,42,0,16,9,10,44
frame=2,1,42,0,16,9,10,44
frame=2,2,42,0,16,9,10,44
frame=2,3,16,0,13,18,13,43
frame=2,4,42,9,16,9,6,44
frame=2,5,42,9,16,9,6,44
frame=2,6,42,9,16,9,6,44
frame=2,7,0,0,16,18,4,43
frame=3,0,42,0,16,9,10,44
frame=3,1,42,0,16,9,10,44
frame=3,2,42,0,16,9,10,44
frame=3,3,16,0,13,18,13,43
frame=3,4,42,9,16,9,6,44
frame=3,5,42,9,16,9,6,44
frame=3,6,42,9,16,9,6,44
frame=3,7,0,0,16,18,4,43
frame=4,0,42,0,16,9,10,44
frame=4,1,42,0,16,9,10,44
frame=4,2,42,0,16,9,10,44
frame=4,3,16,0,13,18,13,43
frame=4,4,42,9,16,9,6,44
frame=4,5,42,9,16,9,6,44
frame=4,6,42,9,16,9,6,44
frame=4,7,0,0,16,18,4,43

[ment]
frames=7
duration=3
type=play_once
frame=0,0,42,0,16,9,11,44
frame=0,1,42,0,16,9,11,44
frame=0,2,42,0,16,9,11,44
frame=0,3,16,0,13,18,12,43
frame=0,4,42,9,16,9,5,44
frame=0,5,42,9,16,9,5,44
frame=0,6,42,9,16,9,5,44
frame=0,7,0,0,16,18,3,43
frame=1,0,42,0,16,9,11,44
frame=1,1,42,0,16,9,11,44
frame=1,2,42,0,16,9,11,44
frame=1,3,16,0,13,18,12,43
frame=1,4,42,9,16,9,5,44
frame=1,5,42,9,16,9,5,44
frame=1,6,42,9,16,9,5,44
frame=1,7,0,0,16,18,3,43
frame=2,0,42,0,16,9,11,44
frame=2,1,42,0,16,9,11,44
frame=2,2,42,0,16,9,11,44
frame=2,3,16,0,13,18,12,43
frame=2,4,42,9,16,9,5,44
frame=2,5,42,9,16,9,5,44
frame=2,6,42,9,16,9,5,44
frame=2,7,0,0,16,18,3,43
frame=3,0,42,0,16,9,11,44
frame=3,1,42,0,16,9,11,44
frame=3,2,42,0,16,9,11,44
frame=3,3,16,0,13,18,12,43
frame=3,4,42,9,16,9,5,44
frame=3,5,42,9,16,9,5,44
frame=3,6,42,9,16,9,5,44
frame=3,7,0,0,16,18,3,43
frame=4,0,42,0,16,9,11,44
frame=4,1,42,0,16,9,11,44
frame=4,2,42,0,16,9,11,44
frame=4,3,16,0,13,18,12,43
frame=4,4,42,9,16,9,5,44
frame=4,5,42,9,16,9,5,44
frame=4,6,42,9,16,9,5,44
frame=4,7,0,0,16,18,3,43
frame=5,0,42,0,16,9,11,44
frame=5,1,42,0,16,9,11,44
frame=5,2,42,0,16,9,11,44
frame=5,3,16,0,13,18,12,43
frame=5,4,42,9,16,9,5,44
frame=5,5,42,9,16,9,5,44
frame=5,6,42,9,16,9,5,44
frame=5,7,0,0,16,18,3,43
frame=6,0,42,0,16,9,11,44
frame=6,1,42,0,16,9,11,44
frame=6,2,42,0,16,9,11,44
frame=6,3,16,0,13,18,12,43
frame=6,4,42,9,16,9,5,44
frame=6,5,42,9,16,9,5,44
frame=6,6,42,9,16,9,5,44
frame=6,7,0,0,16,18,3,43

[die]
frames=6
duration=3
type=play_once
frame=0,0,0,0,16,18,3,43
frame=0,1,0,0,16,18,3,43
frame=0,2,0,0,16,18,3,43
frame=0,3,0,0,16,18,3,43
frame=0,4,0,0,16,18,3,43
frame=0,5,0,0,16,18,3,43
frame=0,6,0,0,16,18,3,43
frame=0,7,0,0,16,18,3,43
frame=1,0,0,0,16,18,1,42
frame=1,1,0,0,16,18,1,42
frame=1,2,0,0,16,18,1,42
frame=1,3,0,0,16,18,1,42
frame=1,4,0,0,16,18,1,42
frame=1,5,0,0,16,18,1,42
frame=1,6,0,0,16,18,1,42
frame=1,7,0,0,16,18,1,42
frame=2,0,0,0,16,18,1,36
frame=2,1,0,0,16,18,1,36
frame=2,2,0,0,16,18,1,36
frame=2,3,0,0,16,18,1,36
frame=2,4,0,0,16,18,1,36
frame=2,5,0,0,16,18,1,36
frame=2,6,0,0,16,18,1,36
frame=2,7,0,0,16,18,1,36
frame=3,0,0,0,16,18,1,32
frame=3,1,0,0,16,18,1,32
frame=3,2,0,0,16,18,1,32
frame=3,3,0,0,16,18,1,32
frame=3,4,0,0,16,18,1,32
frame=3,5,0,0,16,18,1,32
frame=3,6,0,0,16,18,1,32
frame=3,7,0,0,16,18,1,32
frame=4,0,0,0,16,18,1,26
frame=4,1,0,0,16,18,1,26
frame=4,2,0,0,16,18,1,26
frame=4,3,0,0,16,18,1,26
frame=4,4,0,0,16,18,1,26
frame=4,5,0,0,16,18,1,26
frame=4,6,0,0,16,18,1,26
frame=4,7,0,0,16,18,1,26
frame=5,0,29,0,13,18,9,13
frame=5,1,29,0,13,18,9,13
frame=5,2,29,0,13,18,9,13
frame=5,3,29,0,13,18,9,13
frame=5,4,29,0,13,18,9,13
frame=5,5,29,0,13,18,9,13
frame=5,6,29,0,13,18,9,13
frame=5,7,29,0,13,18,9,13

[melee]
frames=6
duration=3
type=play_once
frame=0,0,42,0,16,9,11,44
frame=0,1,42,0,16,9,11,44
frame=0,2,42,0,16,9,11,44
frame=0,3,16,0,13,18,12,43
frame=0,4,42,9,16,9,5,44
frame=0,5,42,9,16,9,5,44
frame=0,6,42,9,16,9,5,44
frame=0,7,0,0,16,18,3,43
frame=1,0,42,0,16,9,13,42
frame=1,1,42,0,16,9,13,42
frame=1,2,42,0,16,9,13,42
frame=1,3,16,0,13,18,12,43
frame=1,4,42,9,16,9,3,42
frame=1,5,42,9,16,9,3,42
frame=1,6,42,9,16,9,3,42
frame=1,7,0,0,16,18,3,43
frame=2,0,42,0,16,9,13,44
frame=2,1,42,0,16,9,13,44
frame=2,2,42,0,16,9,13,44
frame=2,3,16,0,13,18,13,43
frame=2,4,42,9,16,9,3,44
frame=2,5,42,9,16,9,3,44
frame=2,6,42,9,16,9,3,44
frame=2,7,0,0,16,18,4,41
frame=3,0,42,0,16,9,14,44
frame=3,1,42,0,16,9,14,44
frame=3,2,42,0,16,9,14,44
frame=3,3,16,0,13,18,11,43
frame=3,4,42,9,16,9,2,44
frame=3,5,42,9,16,9,2,44
frame=3,6,42,9,16,9,2,44
frame=3,7,0,0,16,18,1,42
frame=4,0,42,0,16,9,15,44
frame=4,1,42,0,16,9,15,44
frame=4,2,42,0,16,9,15,44
frame=4,3,16,0,13,18,10,43
frame=4,4,42,9,16,9,1,44
frame=4,5,42,9,16,9,1,44
frame=4,6,42,9,16,9,1,44
frame=4,7,0,0,16,18,0,43
frame=5,0,42,0,16,9,15,44
frame=5,1,42,0,16,9,15,44
frame=5,2,42,0,16,9,15,44
frame=5,3,16,0,13,18,10,43
frame=5,4,42,9,16,9,1,44
frame=5,5,42,9,16,9,1,44
frame=5,6,42,9,16,9,1,44
frame=5,7,0,0,16,18,0,43

[hit]
frames=3
duration=1
type=back_forth
frame=0,0,42,0,16,9,11,44
frame=0,1,42,0,16,9,11,44
frame=0,2,42,0,16,9,11,44
frame=0,3,16,0,13,18,12,43
frame=0,4,42,9,16,9,5,44
frame=0,5,42,9,16,9,5,44
frame=0,6,42,9,16,9,5,44
frame=0,7,0,0,16,18,3,43
frame=1,0,42,0,16,9,11,44
frame=1,1,42,0,16,9,11,44
frame=1,2,42,0,16,9,11,44
frame=1,3,16,0,13,18,12,43
frame=1,4,42,9,16,9,5,44
frame=1,5,42,9,16,9,5,44
frame=1,6,42,9,16,9,5,44
frame=1,7,0,0,16,18,3,43
frame=2,0,42,0,16,9,11,44
frame=2,1,42,0,16,9,11,44
frame=2,2,42,0,16,9,11,44
frame=2,3,16,0,13,18,12,43
frame=2,4,42,9,16,9,5,44
frame=2,5,42,9,16,9,5,44
frame=2,6,42,9,16,9,5,44
frame=2,7,0,0,16,18,3,43

[block]
frames=2
duration=3
type=play_once
frame=0,0,42,0,16,9,11,44
frame=0,1,42,0,16,9,11,44
frame=0,2,42,0,16,9,11,44
frame=0,3,16,0,13,18,12,43
frame=0,4,42,9,16,9,5,44
frame=0,5,42,9,16,9,5,44
frame=0,6,42,9,16,9,5,44
frame=0,7,0,0,16,18,3,43
frame=1,0,42,0,16,9,11,44
frame=1,1,42,0,16,9,11,44
frame=1,2,42,0,16,9,11,44
frame=1,3,16,0,13,18,12,43
frame=1,4,42,9,16,9,5,44
frame=1,5,42,9,16,9,5,44
frame=1,6,42,9,16,9,5,44
frame=1,7,0,0,16,18,3,43
