
image=images/avatar/maleorc/clothes.png

[stance]
frames=1
duration=3
type=back_forth
frame=0,0,3496,0,20,42,9,38
frame=0,1,3496,0,20,42,9,38
frame=0,2,3496,0,20,42,9,38
frame=0,3,1433,0,30,43,15,40
frame=0,4,3516,0,20,42,11,38
frame=0,5,3516,0,20,42,11,38
frame=0,6,3516,0,20,42,11,38
frame=0,7,446,0,30,45,15,41

[run]
frames=8
duration=3
type=looped
frame=0,0,2980,0,25,42,13,38
frame=0,1,2980,0,25,42,13,38
frame=0,2,2980,0,25,42,13,38
frame=0,3,1463,0,30,43,15,40
frame=0,4,3005,0,25,42,12,38
frame=0,5,3005,0,25,42,12,38
frame=0,6,3005,0,25,42,12,38
frame=0,7,476,0,30,45,15,41
frame=1,0,3686,0,22,41,11,38
frame=1,1,3686,0,22,41,11,38
frame=1,2,3686,0,22,41,11,38
frame=1,3,1006,0,30,44,15,40
frame=1,4,3708,0,22,41,11,38
frame=1,5,3708,0,22,41,11,38
frame=1,6,3708,0,22,41,11,38
frame=1,7,0,0,30,46,15,41
frame=2,0,3730,0,22,41,9,38
frame=2,1,3730,0,22,41,9,38
frame=2,2,3730,0,22,41,9,38
frame=2,3,626,0,29,45,15,40
frame=2,4,3752,0,22,41,13,38
frame=2,5,3752,0,22,41,13,38
frame=2,6,3752,0,22,41,13,38
frame=2,7,120,0,29,46,14,41
frame=3,0,3180,0,24,42,10,38
frame=3,1,3180,0,24,42,10,38
frame=3,2,3180,0,24,42,10,38
frame=3,3,1036,0,30,44,15,40
frame=3,4,3204,0,24,42,14,38
frame=3,5,3204,0,24,42,14,38
frame=3,6,3204,0,24,42,14,38
frame=3,7,30,0,30,46,15,41
frame=4,0,2627,0,28,42,12,38
frame=4,1,2627,0,28,42,12,38
frame=4,2,2627,0,28,42,12,38
frame=4,3,1493,0,30,43,15,40
frame=4,4,2655,0,28,42,16,38
frame=4,5,2655,0,28,42,16,38
frame=4,6,2655,0,28,42,16,38
frame=4,7,506,0,30,45,15,41
frame=5,0,3276,0,23,42,9,38
frame=5,1,3276,0,23,42,9,38
frame=5,2,3276,0,23,42,9,38
frame=5,3,1066,0,30,44,15,40
frame=5,4,3299,0,23,42,14,38
frame=5,5,3299,0,23,42,14,38
frame=5,6,3299,0,23,42,14,38
frame=5,7,60,0,30,46,15,41
frame=6,0,3368,0,22,42,9,38
frame=6,1,3368,0,22,42,9,38
frame=6,2,3368,0,22,42,9,38
frame=6,3,655,0,29,45,14,40
frame=6,4,3390,0,22,42,13,38
frame=6,5,3390,0,22,42,13,38
frame=6,6,3390,0,22,42,13,38
frame=6,7,149,0,29,46,15,41
frame=7,0,3412,0,21,42,9,38
frame=7,1,3412,0,21,42,9,38
frame=7,2,3412,0,21,42,9,38
frame=7,3,1096,0,30,44,15,40
frame=7,4,3433,0,21,42,12,38
frame=7,5,3433,0,21,42,12,38
frame=7,6,3433,0,21,42,12,38
frame=7,7,90,0,30,46,15,41

[ranged]
frames=5
duration=3
type=play_once
frame=0,0,2503,0,32,42,20,38
frame=0,1,2503,0,32,42,20,38
frame=0,2,2503,0,32,42,20,38
frame=0,3,1778,0,26,43,13,37
frame=0,4,2535,0,32,42,12,38
frame=0,5,2535,0,32,42,12,38
frame=0,6,2535,0,32,42,12,38
frame=0,7,814,0,24,45,13,41
frame=1,0,2237,0,34,42,20,38
frame=1,1,2237,0,34,42,20,38
frame=1,2,2237,0,34,42,20,38
frame=1,3,1751,0,27,43,13,37
frame=1,4,2271,0,34,42,14,38
frame=1,5,2271,0,34,42,14,38
frame=1,6,2271,0,34,42,14,38
frame=1,7,838,0,24,45,13,41
frame=2,0,2027,0,36,42,19,38
frame=2,1,2027,0,36,42,19,38
frame=2,2,2027,0,36,42,19,38
frame=2,3,1668,0,28,43,13,37
frame=2,4,2063,0,36,42,17,38
frame=2,5,2063,0,36,42,17,38
frame=2,6,2063,0,36,42,17,38
frame=2,7,764,0,25,45,14,41
frame=3,0,1843,0,38,42,19,38
frame=3,1,1843,0,38,42,19,38
frame=3,2,1843,0,38,42,19,38
frame=3,3,1583,0,29,43,13,37
frame=3,4,1881,0,38,42,19,38
frame=3,5,1881,0,38,42,19,38
frame=3,6,1881,0,38,42,19,38
frame=3,7,789,0,25,45,14,41
frame=4,0,2099,0,35,42,19,38
frame=4,1,2099,0,35,42,19,38
frame=4,2,2099,0,35,42,19,38
frame=4,3,1696,0,28,43,13,37
frame=4,4,2134,0,35,42,16,38
frame=4,5,2134,0,35,42,16,38
frame=4,6,2134,0,35,42,16,38
frame=4,7,862,0,24,45,13,41

[ment]
frames=7
duration=3
type=play_once
frame=0,0,3576,0,20,42,9,38
frame=0,1,3576,0,20,42,9,38
frame=0,2,3576,0,20,42,9,38
frame=0,3,1523,0,30,43,15,39
frame=0,4,3596,0,20,42,11,38
frame=0,5,3596,0,20,42,11,38
frame=0,6,3596,0,20,42,11,38
frame=0,7,536,0,30,45,15,41
frame=1,0,3322,0,23,42,11,38
frame=1,1,3322,0,23,42,11,38
frame=1,2,3322,0,23,42,11,38
frame=1,3,1612,0,28,43,14,39
frame=1,4,3345,0,23,42,12,38
frame=1,5,3345,0,23,42,12,38
frame=1,6,3345,0,23,42,12,38
frame=1,7,566,0,30,45,15,41
frame=2,0,3454,0,21,42,10,38
frame=2,1,3454,0,21,42,10,38
frame=2,2,3454,0,21,42,10,38
frame=2,3,1640,0,28,43,14,39
frame=2,4,3475,0,21,42,11,38
frame=2,5,3475,0,21,42,11,38
frame=2,6,3475,0,21,42,11,38
frame=2,7,684,0,28,45,14,41
frame=3,0,2928,0,26,42,12,38
frame=3,1,2928,0,26,42,12,38
frame=3,2,2928,0,26,42,12,38
frame=3,3,1397,0,36,43,18,39
frame=3,4,2954,0,26,42,14,38
frame=3,5,2954,0,26,42,14,38
frame=3,6,2954,0,26,42,14,38
frame=3,7,341,0,36,45,18,41
frame=4,0,2371,0,33,42,14,38
frame=4,1,2371,0,33,42,14,38
frame=4,2,2371,0,33,42,14,38
frame=4,3,1299,0,50,43,25,39
frame=4,4,2404,0,33,42,19,38
frame=4,5,2404,0,33,42,19,38
frame=4,6,2404,0,33,42,19,38
frame=4,7,204,0,50,45,25,41
frame=5,0,2437,0,33,42,14,38
frame=5,1,2437,0,33,42,14,38
frame=5,2,2437,0,33,42,14,38
frame=5,3,1349,0,48,43,24,39
frame=5,4,2470,0,33,42,19,38
frame=5,5,2470,0,33,42,19,38
frame=5,6,2470,0,33,42,19,38
frame=5,7,254,0,48,45,24,41
frame=6,0,2683,0,28,42,12,38
frame=6,1,2683,0,28,42,12,38
frame=6,2,2683,0,28,42,12,38
frame=6,3,1397,0,36,43,18,39
frame=6,4,2711,0,28,42,16,38
frame=6,5,2711,0,28,42,16,38
frame=6,6,2711,0,28,42,16,38
frame=6,7,412,0,34,45,17,41

[die]
frames=6
duration=3
type=play_once
frame=0,0,2503,0,32,42,20,38
frame=0,1,2503,0,32,42,20,38
frame=0,2,2503,0,32,42,20,38
frame=0,3,1778,0,26,43,13,37
frame=0,4,2535,0,32,42,12,38
frame=0,5,2535,0,32,42,12,38
frame=0,6,2535,0,32,42,12,38
frame=0,7,814,0,24,45,13,41
frame=1,0,2237,0,34,42,20,38
frame=1,1,2237,0,34,42,20,38
frame=1,2,2237,0,34,42,20,38
frame=1,3,1751,0,27,43,13,37
frame=1,4,2271,0,34,42,14,38
frame=1,5,2271,0,34,42,14,38
frame=1,6,2271,0,34,42,14,38
frame=1,7,838,0,24,45,13,41
frame=2,0,2027,0,36,42,19,38
frame=2,1,2027,0,36,42,19,38
frame=2,2,2027,0,36,42,19,38
frame=2,3,1668,0,28,43,13,37
frame=2,4,2063,0,36,42,17,38
frame=2,5,2063,0,36,42,17,38
frame=2,6,2063,0,36,42,17,38
frame=2,7,764,0,25,45,14,41
frame=3,0,1843,0,38,42,19,38
frame=3,1,1843,0,38,42,19,38
frame=3,2,1843,0,38,42,19,38
frame=3,3,1583,0,29,43,13,37
frame=3,4,1881,0,38,42,19,38
frame=3,5,1881,0,38,42,19,38
frame=3,6,1881,0,38,42,19,38
frame=3,7,789,0,25,45,14,41
frame=4,0,2099,0,35,42,19,38
frame=4,1,2099,0,35,42,19,38
frame=4,2,2099,0,35,42,19,38
frame=4,3,1696,0,28,43,13,37
frame=4,4,2134,0,35,42,16,38
frame=4,5,2134,0,35,42,16,38
frame=4,6,2134,0,35,42,16,38
frame=4,7,862,0,24,45,13,41
frame=5,0,3616,0,20,42,9,38
frame=5,1,3616,0,20,42,9,38
frame=5,2,3616,0,20,42,9,38
frame=5,3,1553,0,30,43,15,39
frame=5,4,3636,0,20,42,11,38
frame=5,5,3636,0,20,42,11,38
frame=5,6,3636,0,20,42,11,38
frame=5,7,596,0,30,45,15,41

[melee]
frames=6
duration=3
type=play_once
frame=0,0,3536,0,20,42,9,38
frame=0,1,3536,0,20,42,9,38
frame=0,2,3536,0,20,42,9,38
frame=0,3,3656,0,30,41,15,37
frame=0,4,3556,0,20,42,11,38
frame=0,5,3556,0,20,42,11,38
frame=0,6,3556,0,20,42,11,38
frame=0,7,446,0,30,45,15,41
frame=1,0,3800,0,25,40,15,36
frame=1,1,3800,0,25,40,15,36
frame=1,2,3800,0,25,40,15,36
frame=1,3,3774,0,26,40,13,35
frame=1,4,3825,0,25,40,10,36
frame=1,5,3825,0,25,40,10,36
frame=1,6,3825,0,25,40,10,36
frame=1,7,712,0,26,45,13,41
frame=2,0,3228,0,24,42,12,38
frame=2,1,3228,0,24,42,12,38
frame=2,2,3228,0,24,42,12,38
frame=2,3,3850,0,25,40,12,35
frame=2,4,3252,0,24,42,12,38
frame=2,5,3252,0,24,42,12,38
frame=2,6,3252,0,24,42,12,38
frame=2,7,1724,0,27,43,14,39
frame=3,0,2169,0,34,42,21,38
frame=3,1,2169,0,34,42,21,38
frame=3,2,2169,0,34,42,21,38
frame=3,3,2739,0,27,42,13,37
frame=3,4,2203,0,34,42,13,38
frame=3,5,2203,0,34,42,13,38
frame=3,6,2203,0,34,42,13,38
frame=3,7,1126,0,26,44,12,40
frame=4,0,1919,0,36,42,24,38
frame=4,1,1919,0,36,42,24,38
frame=4,2,1919,0,36,42,24,38
frame=4,3,1955,0,36,42,14,37
frame=4,4,1991,0,36,42,12,38
frame=4,5,1991,0,36,42,12,38
frame=4,6,1991,0,36,42,12,38
frame=4,7,377,0,35,45,12,41
frame=5,0,2305,0,33,42,21,38
frame=5,1,2305,0,33,42,21,38
frame=5,2,2305,0,33,42,21,38
frame=5,3,1804,0,39,42,14,37
frame=5,4,2338,0,33,42,12,38
frame=5,5,2338,0,33,42,12,38
frame=5,6,2338,0,33,42,12,38
frame=5,7,302,0,39,45,13,41

[thrust]
frames=8
duration=3
type=play_once
frame=0,0,3616,0,20,42,9,38
frame=0,1,3616,0,20,42,9,38
frame=0,2,3616,0,20,42,9,38
frame=0,3,1553,0,30,43,15,39
frame=0,4,3636,0,20,42,11,38
frame=0,5,3636,0,20,42,11,38
frame=0,6,3636,0,20,42,11,38
frame=0,7,596,0,30,45,15,41
frame=1,0,3030,0,25,42,13,38
frame=1,1,3030,0,25,42,13,38
frame=1,2,3030,0,25,42,13,38
frame=1,3,738,0,26,45,12,39
frame=1,4,3055,0,25,42,12,38
frame=1,5,3055,0,25,42,12,38
frame=1,6,3055,0,25,42,12,38
frame=1,7,1178,0,25,44,13,41
frame=2,0,2766,0,27,42,13,38
frame=2,1,2766,0,27,42,13,38
frame=2,2,2766,0,27,42,13,38
frame=2,3,886,0,24,45,11,39
frame=2,4,2793,0,27,42,14,38
frame=2,5,2793,0,27,42,14,38
frame=2,6,2793,0,27,42,14,38
frame=2,7,1203,0,24,44,12,41
frame=3,0,3080,0,25,42,10,38
frame=3,1,3080,0,25,42,10,38
frame=3,2,3080,0,25,42,10,38
frame=3,3,910,0,24,45,11,39
frame=3,4,3105,0,25,42,15,38
frame=3,5,3105,0,25,42,15,38
frame=3,6,3105,0,25,42,15,38
frame=3,7,1152,0,26,44,14,41
frame=4,0,2820,0,27,42,17,38
frame=4,1,2820,0,27,42,17,38
frame=4,2,2820,0,27,42,17,38
frame=4,3,934,0,24,45,11,39
frame=4,4,2847,0,27,42,10,38
frame=4,5,2847,0,27,42,10,38
frame=4,6,2847,0,27,42,10,38
frame=4,7,1227,0,24,44,12,41
frame=5,0,2567,0,30,42,20,38
frame=5,1,2567,0,30,42,20,38
frame=5,2,2567,0,30,42,20,38
frame=5,3,958,0,24,45,11,39
frame=5,4,2597,0,30,42,10,38
frame=5,5,2597,0,30,42,10,38
frame=5,6,2597,0,30,42,10,38
frame=5,7,1251,0,24,44,12,41
frame=6,0,2874,0,27,42,17,38
frame=6,1,2874,0,27,42,17,38
frame=6,2,2874,0,27,42,17,38
frame=6,3,934,0,24,45,11,39
frame=6,4,2901,0,27,42,10,38
frame=6,5,2901,0,27,42,10,38
frame=6,6,2901,0,27,42,10,38
frame=6,7,1275,0,24,44,12,41
frame=7,0,3130,0,25,42,10,38
frame=7,1,3130,0,25,42,10,38
frame=7,2,3130,0,25,42,10,38
frame=7,3,982,0,24,45,11,39
frame=7,4,3155,0,25,42,15,38
frame=7,5,3155,0,25,42,15,38
frame=7,6,3155,0,25,42,15,38
frame=7,7,178,0,26,46,14,43

[hit]
frames=3
duration=1
type=back_forth
frame=0,0,2503,0,32,42,20,38
frame=0,1,2503,0,32,42,20,38
frame=0,2,2503,0,32,42,20,38
frame=0,3,1778,0,26,43,13,37
frame=0,4,2535,0,32,42,12,38
frame=0,5,2535,0,32,42,12,38
frame=0,6,2535,0,32,42,12,38
frame=0,7,814,0,24,45,13,41
frame=1,0,2237,0,34,42,20,38
frame=1,1,2237,0,34,42,20,38
frame=1,2,2237,0,34,42,20,38
frame=1,3,1751,0,27,43,13,37
frame=1,4,2271,0,34,42,14,38
frame=1,5,2271,0,34,42,14,38
frame=1,6,2271,0,34,42,14,38
frame=1,7,838,0,24,45,13,41
frame=2,0,2027,0,36,42,19,38
frame=2,1,2027,0,36,42,19,38
frame=2,2,2027,0,36,42,19,38
frame=2,3,1668,0,28,43,13,37
frame=2,4,2063,0,36,42,17,38
frame=2,5,2063,0,36,42,17,38
frame=2,6,2063,0,36,42,17,38
frame=2,7,764,0,25,45,14,41

[block]
frames=2
duration=3
type=play_once
frame=0,0,2503,0,32,42,20,38
frame=0,1,2503,0,32,42,20,38
frame=0,2,2503,0,32,42,20,38
frame=0,3,1778,0,26,43,13,37
frame=0,4,2535,0,32,42,12,38
frame=0,5,2535,0,32,42,12,38
frame=0,6,2535,0,32,42,12,38
frame=0,7,814,0,24,45,13,41
frame=1,0,2237,0,34,42,20,38
frame=1,1,2237,0,34,42,20,38
frame=1,2,2237,0,34,42,20,38
frame=1,3,1751,0,27,43,13,37
frame=1,4,2271,0,34,42,14,38
frame=1,5,2271,0,34,42,14,38
frame=1,6,2271,0,34,42,14,38
frame=1,7,838,0,24,45,13,41
